1689486 258 -32 30 396 217 227 -16 24 -10
1689591 264 -37 30 398 219 231 -16 24 -9
1689698 264 -35 28 395 222 231 -17 24 -8
1689803 264 -30 29 397 220 227 -18 26 -8
1689909 265 -33 32 395 221 234 -17 24 -9
1690015 263 -38 27 398 217 227 -17 27 -7
1690121 258 -33 30 398 221 234 -16 22 -10
1690226 269 -33 29 400 222 234 -16 26 -8
1690333 253 -33 33 400 219 235 -18 25 -6
1690438 256 -37 28 393 223 231 -17 24 -9
1690544 261 -32 29 398 222 234 -18 23 -8
1690650 265 -29 29 396 225 231 -16 26 -6
1690756 257 -39 37 403 221 228 -17 21 -11
1690861 263 -28 27 400 219 232 -18 28 -8
1690968 257 -39 33 398 223 231 -18 21 -12
1691073 271 -37 34 405 226 227 -16 28 -7
1691179 251 -35 36 397 225 239 -19 23 -9
1691285 261 -36 32 404 222 227 -19 27 -8
1691390 265 -31 30 403 223 231 -17 24 -9
1691496 262 -31 25 404 218 227 -16 26 -8
