303 481 509 559 830 402
303 483 509 552 830 402
303 483 507 551 830 402
303 477 509 550 830 402
303 481 509 560 830 402
303 479 507 558 830 402
303 479 507 558 830 402
303 480 511 559 830 402
303 480 511 559 830 402
303 482 509 558 830 402
303 479 507 553 830 402
303 479 507 553 830 402
303 480 511 557 830 402
303 482 511 555 830 402
303 483 510 554 830 402
303 479 510 556 830 402
303 481 508 555 830 402
303 481 510 555 830 402
303 482 510 556 830 402
303 479 508 556 830 402
303 484 506 561 830 402
303 482 506 555 830 402
303 481 506 557 830 402
303 479 507 555 830 402
303 481 508 554 830 402
303 481 509 552 830 402
303 484 511 553 830 402
303 481 508 555 830 402
303 480 511 551 830 402
303 483 509 556 830 402
303 480 508 554 830 402
303 482 509 550 830 402
303 479 507 556 830 402
303 477 510 558 830 402
303 481 508 554 830 402
303 480 509 551 830 402
303 479 508 554 830 402
303 479 507 551 830 402
303 480 507 554 830 402
303 483 507 553 830 402
303 483 508 552 830 402
303 483 508 552 830 402
303 478 507 558 830 402
303 476 509 555 830 402
303 479 507 556 830 402
303 482 509 559 830 402
303 480 509 561 830 402
303 477 506 558 830 402
303 482 509 553 830 402
303 481 507 556 830 402
303 481 509 555 830 402
303 484 509 554 830 402
303 483 509 555 830 402
303 481 509 552 830 402
303 479 509 557 830 402
303 482 508 559 830 402
303 481 508 557 830 402
303 480 507 554 830 402
303 478 507 553 830 402
303 485 509 553 830 402
303 482 512 555 830 402
303 484 511 558 830 402
303 483 510 556 830 402
303 483 514 551 830 402
303 485 508 555 840 402
303 483 506 557 840 402
303 481 506 557 840 402
303 478 506 560 840 402
303 478 513 556 840 402
303 482 515 557 840 402
303 482 513 550 840 402
303 479 509 553 840 402
303 483 509 556 840 402
303 484 513 557 840 402
303 484 516 558 840 402
303 486 510 551 840 402
303 481 510 552 840 402
303 485 510 556 840 402
303 481 511 555 840 402
303 485 511 554 830 402
303 485 509 556 840 402
303 482 514 555 830 402
303 483 514 559 830 402
303 476 509 555 840 402
303 484 499 553 840 402
303 477 512 556 830 402
303 476 510 560 830 402
303 481 509 559 840 402
303 478 506 554 830 402
303 477 511 551 830 402
303 477 511 552 830 402
303 476 509 561 830 402
303 479 511 559 830 402
303 481 512 558 830 402
303 481 512 557 830 402
303 479 513 556 830 402
303 481 512 554 830 402
303 485 511 552 830 402
303 485 511 552 830 402
303 483 506 550 830 402
303 486 506 558 830 402
303 484 506 559 830 402
303 481 508 558 830 402
303 474 508 557 830 402
303 480 508 556 830 402
303 477 504 563 830 401
303 481 502 559 840 501
303 479 493 558 840 501
303 478 489 554 840 501
303 480 493 555 850 500
303 482 494 552 850 500
303 479 510 548 870 400
303 479 505 544 880 400
303 483 500 551 890 401
303 483 507 555 000 401
303 489 507 564 010 301
303 491 510 565 020 301
303 493 498 555 040 202
303 488 512 546 050 201
303 485 514 552 060 202
303 489 513 555 070 202
303 492 511 554 070 202
303 492 514 556 080 102
303 486 515 557 090 102
303 494 511 565 090 103
303 496 512 559 100 103
303 490 514 554 110 103
303 487 521 545 110 103
303 494 525 550 120 103
303 493 518 560 120 103
303 497 512 568 120 003
303 493 508 561 120 003
303 495 514 551 130 003
303 491 512 544 130 003
303 498 513 555 130 003
303 499 512 560 130 003
303 492 513 554 130 003
303 495 511 557 130 003
303 498 512 554 130 003
303 492 510 557 130 003
303 496 513 556 130 003
303 493 511 555 130 003
303 496 511 557 120 103
303 489 511 556 120 103
303 493 510 553 120 103
303 493 511 551 120 103
303 494 511 554 120 103
303 495 516 559 120 103
303 495 515 550 120 103
303 496 513 554 120 103
303 490 514 554 120 103
303 494 511 555 120 103
303 495 512 556 120 103
303 496 513 556 120 103
303 494 516 553 120 103
303 491 512 558 120 103
303 494 514 555 110 103
303 496 518 559 110 103
303 491 518 559 110 103
303 492 514 560 110 103
303 496 515 559 110 203
303 493 516 559 100 203
303 492 517 560 100 203
303 492 518 555 090 203
303 488 516 555 080 203
303 494 523 560 080 203
303 495 518 559 070 203
303 493 518 563 060 203
303 491 518 554 040 203
303 494 511 560 030 203
303 493 504 563 020 203
303 484 511 551 010 202
303 488 509 553 000 302
303 488 516 554 880 302
303 486 516 555 870 302
303 488 512 545 860 303
303 488 486 548 850 302
303 489 507 561 840 302
303 480 520 562 840 302
303 484 517 557 830 302
303 484 516 557 820 302
303 486 505 557 810 302
303 482 507 548 810 301
303 480 505 547 800 401
303 483 503 554 790 401
303 490 502 561 790 401
303 479 503 558 780 301
303 481 504 555 780 400
303 476 507 554 780 400
303 472 506 560 780 400
303 479 506 558 780 400
303 477 506 558 780 500
303 481 507 558 780 500
303 471 507 555 780 500
303 477 506 549 780 501
303 475 506 550 780 501
303 479 509 556 780 501
303 474 506 559 780 501
303 471 504 557 780 501
303 475 505 557 780 501
303 476 505 555 780 501
303 479 506 558 780 501
303 479 505 551 780 501
303 477 507 554 780 501
303 479 505 556 780 501
303 477 502 552 790 501
303 481 504 555 790 501
303 477 506 551 790 501
303 479 505 557 790 501
303 476 506 556 790 501
303 476 504 558 790 501
303 480 504 553 800 501
303 478 501 559 800 501
303 478 499 559 800 501
303 485 495 556 810 500
303 479 500 548 810 400
303 476 498 555 820 400
303 481 501 558 830 400
303 481 492 553 840 400
303 485 495 550 850 400
303 483 508 553 870 300
303 485 521 561 870 301
303 485 498 574 880 301
303 488 513 549 890 301
303 487 517 549 000 301
303 484 511 557 000 201
303 487 493 561 010 201
303 487 509 556 010 201
303 485 511 556 010 201
303 491 512 562 020 201
303 492 512 559 020 201
303 490 507 550 020 201
303 487 493 552 020 201
303 492 489 556 020 201
303 490 501 561 020 201
303 490 500 552 020 200
303 491 505 559 020 200
303 490 497 554 020 200
303 484 495 557 020 200
303 487 502 550 020 200
303 492 505 564 020 200
303 492 508 553 020 200
303 489 503 552 020 200
303 493 506 557 020 200
303 493 502 564 020 200
303 490 504 555 020 200
303 489 505 549 020 200
303 490 500 555 020 200
303 493 498 557 020 200
303 490 504 561 010 300
303 486 504 556 010 300
303 481 501 555 010 400
303 477 504 555 010 500
303 473 501 550 010 701
303 469 505 548 010 801
303 459 506 540 011 001
303 460 510 549 011 101
303 449 507 537 011 201
303 442 505 535 011 301
303 435 505 533 011 401
303 438 502 529 011 502
303 434 507 526 011 602
303 432 511 525 021 602
303 430 510 524 021 702
303 436 507 524 021 703
303 430 503 523 021 703
303 427 504 522 021 703
303 433 505 519 021 703
303 433 505 524 021 703
303 434 506 524 021 703
303 433 507 523 021 703
303 434 507 525 021 703
303 434 506 522 021 703
303 432 506 524 021 703
303 432 504 524 021 703
303 433 504 522 021 703
303 434 506 523 021 703
303 433 507 526 021 703
303 433 505 526 021 703
303 431 502 525 021 703
303 434 505 524 021 703
303 436 505 520 021 703
303 435 506 521 021 703
303 433 506 525 021 703
303 432 504 524 021 703
303 437 503 520 021 703
303 437 505 525 021 703
303 434 505 525 021 703
303 436 505 523 021 703
303 436 506 523 021 703
303 437 501 523 021 703
303 436 506 525 021 703
303 436 505 526 021 603
303 436 506 525 021 603
303 438 503 524 021 603
303 439 506 522 021 602
303 435 504 527 021 502
303 441 507 524 011 402
303 445 505 535 011 303
303 457 512 533 011 202
303 466 508 538 001 002
303 469 511 543 000 802
303 472 508 551 000 602
303 490 506 553 000 402
303 492 507 556 890 302
303 497 511 557 890 102
303 509 513 561 890 002
303 507 514 557 898 902
303 513 517 555 898 702
303 518 515 560 888 603
303 526 508 562 888 603
303 529 508 560 888 502
303 528 515 556 888 402
303 526 511 551 888 402
303 526 512 550 888 402
303 531 508 554 888 302
303 533 508 549 888 302
303 529 510 546 888 302
303 528 512 542 888 302
303 531 511 545 888 302
303 536 510 548 878 303
303 533 508 544 878 203
303 533 511 546 878 203
303 531 509 546 878 203
303 530 509 545 888 203
303 531 508 547 888 202
303 533 511 545 888 202
303 529 510 544 888 202
303 532 509 547 888 203
303 534 511 546 888 202
303 533 509 546 888 103
303 531 511 544 888 103
303 535 512 548 888 103
303 534 510 545 878 103
303 536 511 545 878 103
303 533 511 549 888 103
303 534 511 545 888 103
303 535 510 548 888 103
303 529 509 543 888 103
303 532 510 545 888 103
303 530 510 545 888 103
303 530 509 545 888 103
303 531 510 546 888 103
303 529 509 545 888 103
303 530 512 546 888 103
303 531 511 544 888 103
303 535 511 546 878 103
303 534 511 545 888 103
303 531 511 549 888 103
303 529 510 547 888 103
303 530 512 544 888 103
303 532 512 547 888 103
303 531 511 545 878 103
303 531 511 548 878 103
303 527 510 546 878 103
303 530 512 544 878 103
303 531 510 547 878 103
303 530 511 552 878 103
303 529 511 548 878 103
303 537 513 550 878 203
303 533 510 545 878 203
303 534 510 547 888 203
303 534 508 552 888 203
303 531 511 545 888 202
303 530 513 552 888 202
303 528 511 551 888 302
303 528 509 550 888 302
303 521 508 556 888 302
303 524 510 554 888 402
303 524 509 559 888 502
303 517 510 552 888 602
303 512 507 554 888 701
303 504 506 556 898 801
303 502 508 552 898 901
303 498 506 548 898 901
303 487 505 556 898 901
303 490 508 552 890 001
303 492 507 553 890 001
303 495 508 555 890 001
303 494 508 557 890 001
303 494 508 560 890 001
303 491 506 555 890 001
303 490 507 555 890 101
303 494 507 557 890 102
303 490 506 553 890 102
303 491 509 558 880 102
303 493 511 558 880 103
303 493 507 563 880 104
303 496 515 555 880 105
303 489 525 543 880 106
303 493 532 543 880 208
303 490 533 544 880 209
303 491 538 537 880 211
303 490 547 535 880 212
303 489 556 534 880 213
303 485 562 524 880 214
303 487 562 521 880 216
303 490 560 522 880 217
303 491 560 518 880 217
303 490 571 516 880 218
303 491 570 517 880 218
303 487 569 517 880 119
303 491 565 520 880 219
303 493 559 511 880 219
303 491 566 508 880 219
303 489 568 505 880 220
303 490 563 501 890 220
303 489 567 501 880 220
303 493 568 516 880 220
303 493 565 512 880 120
303 489 568 502 890 120
303 487 565 504 890 120
303 489 567 502 890 121
303 486 566 507 890 121
303 488 567 503 890 221
303 490 568 510 890 221
303 490 567 503 880 220
303 490 564 508 880 220
303 487 565 513 880 220
303 493 566 508 880 220
303 492 566 511 880 120
303 492 565 505 880 120
303 487 566 508 880 120
303 486 565 509 880 220
303 490 567 503 880 220
303 494 567 511 880 220
303 491 569 506 880 120
303 492 565 507 880 120
303 489 566 504 880 120
303 490 563 511 880 120
303 493 565 510 880 120
303 494 563 509 880 120
303 492 567 506 880 120
303 493 566 506 880 120
303 495 562 507 880 120
303 492 565 508 880 120
303 493 567 508 880 120
303 491 565 513 880 120
303 492 565 511 880 120
303 490 560 507 880 120
303 492 568 508 880 120
303 490 566 512 880 120
303 488 564 508 880 120
303 492 563 511 880 120
303 493 567 512 880 120
303 493 564 509 880 120
303 494 566 509 880 119
303 490 567 511 880 119
303 493 568 517 880 119
303 491 568 517 880 118
303 498 568 528 880 116
303 496 563 528 880 114
303 493 558 534 880 112
303 494 548 546 880 110
303 491 535 556 890 108
303 486 528 551 890 206
303 488 520 545 890 304
303 482 512 547 890 303
303 485 495 549 890 401
303 487 489 548 890 400
303 479 489 544 890 488
303 481 491 539 890 586
303 482 453 550 880 584
303 476 447 545 880 581
303 484 459 531 870 579
303 471 450 530 870 477
303 475 441 527 870 476
303 481 446 517 870 475
303 481 442 521 870 474
303 483 440 519 870 473
303 481 439 519 870 472
303 482 440 516 860 472
303 482 435 511 860 471
303 481 435 509 860 471
303 482 430 509 860 370
303 480 440 507 860 370
303 482 436 504 860 370
303 481 437 504 850 369
303 482 431 506 850 369
303 479 436 504 850 369
303 479 434 511 850 369
303 483 436 506 850 369
303 486 437 506 850 369
303 478 435 505 850 369
303 479 440 503 850 369
303 487 435 502 850 369
303 487 437 502 850 368
303 487 432 506 850 368
303 479 437 506 850 368
303 486 435 505 850 368
303 488 438 501 850 368
303 484 436 501 850 368
303 482 436 502 850 368
303 483 437 503 850 368
303 482 439 495 850 368
303 484 440 499 850 368
303 480 436 503 850 368
303 485 436 504 850 368
303 481 435 503 850 368
303 483 438 503 850 368
303 483 438 505 850 368
303 487 432 500 850 368
303 484 435 502 850 368
303 487 438 505 850 368
303 486 437 507 850 368
303 487 433 507 850 368
303 484 433 511 850 369
303 486 438 506 850 369
303 479 434 506 850 370
303 484 437 515 850 370
303 480 436 516 850 370
303 475 439 521 850 471
303 479 448 519 850 472
303 476 445 520 850 472
303 477 440 522 850 473
303 479 438 531 850 574
303 477 437 529 850 576
303 477 466 531 850 577
303 477 461 537 850 679
303 475 466 537 850 680
303 475 474 539 850 682
303 471 482 546 850 683
303 467 484 554 860 783
303 466 480 556 860 784
303 462 487 550 860 884
303 459 487 544 860 985
303 455 488 541 861 085
303 453 489 537 861 185
303 453 491 535 861 186
303 454 493 544 861 286
303 449 494 540 861 387
303 453 494 538 871 387
303 445 497 535 871 388
303 446 504 541 871 388
303 449 499 531 881 389
303 454 497 531 881 389
303 453 505 535 891 400
303 451 515 531 891 401
303 445 493 525 001 502
303 440 509 527 011 602
303 444 514 526 021 703
303 435 510 524 031 804
303 435 510 505 051 906
303 428 513 517 102 011
303 411 506 505 172 017
303 400 495 464 152 016
303 368 573 629 111 812
303 368 496 630 121 812
303 368 487 592 181 819
303 404 533 453 241 824
303 449 607 368 231 823
303 401 583 555 181 918
303 485 537 556 172 016
303 583 452 398 051 803
303 571 515 368 011 087
303 534 490 630 020 988
303 528 464 488 020 987
303 527 511 454 020 987
303 514 481 501 020 988
303 454 492 548 030 889
303 473 482 528 040 989
303 461 490 480 050 889
303 436 525 569 060 800
303 422 530 596 070 801
303 442 528 549 070 801
303 438 519 547 080 802
303 433 528 553 080 903
303 439 521 546 090 903
303 435 530 554 090 903
303 441 521 560 091 003
303 449 515 548 091 004
303 447 509 522 091 104
303 449 514 547 091 104
303 449 525 544 091 104
303 449 521 534 091 105
303 451 520 532 101 105
303 447 519 535 101 206
303 445 526 530 111 206
303 448 526 540 111 207
303 449 525 541 111 207
303 449 514 529 121 207
303 444 514 537 121 308
303 442 512 533 121 308
303 447 523 528 121 308
303 445 519 534 131 408
303 441 518 537 131 408
303 446 515 523 141 509
303 445 513 506 151 510
303 439 528 505 161 611
303 438 527 516 171 612
303 443 511 522 171 613
303 439 516 507 181 512
303 424 517 500 181 512
303 433 548 524 191 513
303 440 517 543 191 412
303 460 493 517 201 312
303 450 560 505 201 311
303 431 534 527 201 311
303 442 527 558 201 210
303 436 521 545 201 210
303 451 509 553 211 210
303 450 543 537 201 209
303 447 511 521 201 209
303 450 520 528 201 309
303 456 523 519 201 310
303 454 529 519 211 310
303 446 523 531 211 311
303 442 522 523 211 311
303 442 528 511 211 412
303 426 538 507 221 413
303 369 568 588 211 313
303 368 585 596 211 313
303 368 606 603 211 412
303 378 602 605 211 511
303 480 513 577 221 712
303 563 466 519 241 914
303 624 527 387 382 128
303 630 461 368 632 052
303 599 435 445 752 264
303 548 494 488 181 908
303 424 630 602 181 509
303 368 567 630 171 409
303 503 483 591 191 410
303 389 543 558 211 413
303 394 546 517 221 414
303 406 557 526 231 514
303 415 542 558 231 613
303 462 487 537 241 714
303 531 471 491 241 814
303 579 481 428 301 918
303 630 492 396 392 026
303 470 564 382 331 921
303 414 630 548 241 713
303 368 563 630 191 509
303 368 445 630 171 408
303 368 601 630 191 509
303 454 504 590 201 609
303 539 526 473 241 913
303 596 533 377 372 024
303 518 527 368 392 026
303 500 533 485 281 816
303 381 630 571 221 610
303 368 513 630 171 507
303 412 527 622 151 305
303 485 511 554 161 506
303 546 588 428 151 604
303 484 542 368 101 689
303 418 464 619 071 586
303 450 487 602 061 586
303 498 447 526 041 584
303 459 502 470 001 580
303 429 497 475 881 578
303 416 486 532 851 676
303 424 481 518 841 674
303 431 485 516 811 672
303 431 459 484 801 671
303 441 483 500 791 571
303 442 470 511 791 571
303 445 482 519 791 471
303 446 467 516 791 471
303 447 459 502 791 471
303 433 462 432 791 471
303 455 480 573 811 472
303 431 472 517 811 473
303 434 462 500 811 473
303 440 461 514 811 473
303 442 467 505 811 473
303 442 480 495 811 373
303 440 460 506 821 473
303 441 469 532 831 374
303 452 460 530 841 375
303 445 471 520 841 375
303 434 466 521 831 375
303 442 459 515 831 375
303 451 466 515 831 374
303 448 470 511 831 374
303 444 476 515 831 374
303 433 458 521 831 374
303 436 455 519 831 374
303 443 462 521 831 375
303 451 465 510 831 375
303 443 463 524 831 375
303 439 465 525 841 376
303 450 461 525 851 377
303 464 461 522 861 378
303 466 464 521 871 379
303 452 468 522 881 380
303 449 482 538 891 381
303 446 485 527 001 383
303 444 494 537 021 384
303 440 495 523 031 386
303 442 488 530 041 287
303 448 489 539 051 288
303 453 508 550 051 188
303 459 496 548 061 089
303 462 497 546 061 089
303 460 499 550 061 000
303 461 515 544 070 900
303 481 516 544 070 901
303 476 498 535 080 801
303 472 505 582 080 702
303 468 513 555 080 702
303 475 509 550 080 602
303 480 508 552 080 502
303 485 496 547 080 402
303 481 512 557 080 302
303 496 513 566 080 202
303 497 511 560 080 202
303 495 506 554 080 102
303 498 510 548 090 002
303 506 511 555 090 002
303 509 509 551 098 902
303 511 513 553 098 803
303 512 510 555 098 703
303 516 509 557 098 702
303 521 508 550 098 602
303 520 509 548 098 502
303 523 509 552 098 402
303 524 509 552 098 402
303 531 509 546 098 302
303 528 506 550 098 302
303 536 511 547 098 202
303 535 510 545 088 202
303 536 509 546 088 102
303 533 506 543 088 102
303 540 506 542 088 102
303 540 509 541 088 002
303 538 508 539 078 002
303 540 509 542 077 902
303 540 509 546 077 903
303 544 509 537 077 903
303 544 506 538 077 903
303 543 508 542 077 903
303 541 509 538 077 903
303 545 508 535 077 903
303 541 507 540 077 803
303 542 509 540 077 903
303 539 509 542 077 903
303 544 510 536 077 903
303 540 512 542 077 903
303 543 510 539 067 903
303 545 510 536 067 903
303 545 510 537 067 803
303 538 510 539 067 803
303 543 508 535 067 803
303 539 513 539 067 803
303 546 510 538 067 803
303 541 512 539 067 803
303 546 511 538 067 803
303 544 509 537 067 803
303 541 513 535 067 803
303 547 512 536 067 803
303 546 511 539 057 804
303 544 511 537 057 803
303 545 510 539 057 803
303 545 510 541 057 803
303 546 509 540 057 803
303 540 510 544 067 903
303 536 515 536 058 002
303 532 525 532 058 002
303 544 512 556 048 102
303 539 504 552 038 102
303 532 496 543 038 201
303 524 494 545 038 300
303 520 502 552 038 589
303 522 493 559 028 689
303 511 491 562 018 789
303 504 485 561 018 889
303 500 489 549 008 989
303 490 486 540 000 089
303 489 486 545 000 189
303 483 490 552 000 189
303 483 497 553 000 289
303 480 499 559 000 289
303 479 498 552 890 300
303 480 506 554 890 300
303 477 498 552 890 400
303 481 498 551 890 400
303 477 501 554 890 400
303 475 503 555 890 500
303 476 508 559 890 500
303 474 505 560 890 500
303 477 504 551 890 500
303 470 502 553 890 500
303 473 501 548 890 500
303 478 500 556 890 500
303 472 503 555 890 500
303 477 506 554 890 500
303 478 502 552 000 500
303 477 505 556 000 500
303 475 506 554 000 500
303 472 503 554 000 501
303 477 504 556 000 501
303 479 505 555 000 501
303 481 494 543 000 501
303 478 509 552 000 502
303 480 511 550 000 504
303 480 517 549 000 405
303 483 524 545 000 407
303 484 544 540 000 308
303 484 545 540 000 309
303 485 546 541 000 311
303 491 544 542 000 212
303 494 560 537 890 213
303 493 557 543 890 213
303 494 556 538 890 214
303 495 556 534 890 215
303 498 549 530 890 115
303 489 577 516 890 116
303 489 565 519 000 116
303 486 563 517 000 217
303 484 567 515 000 218
303 492 563 519 000 218
303 492 558 515 000 219
303 492 562 515 890 219
303 487 567 517 890 219
303 490 564 511 890 219
303 492 562 512 890 219
303 491 562 505 890 220
303 488 567 510 890 220
303 492 567 509 890 220
303 486 565 512 890 220
303 486 566 506 890 220
303 489 570 511 890 220
303 489 570 508 890 219
303 491 568 513 890 219
303 490 575 528 890 218
303 493 573 524 000 217
303 488 557 526 000 215
303 487 556 530 000 314
303 481 558 532 000 312
303 485 550 533 010 410
303 474 533 538 010 508
303 472 524 537 010 606
303 468 514 538 010 704
303 469 491 541 010 802
303 460 493 549 000 800
303 466 486 544 000 888
303 463 467 545 890 886
303 462 471 541 880 884
303 466 470 538 880 882
303 461 463 540 870 881
303 466 456 541 870 879
303 462 448 533 860 878
303 465 450 527 860 877
303 469 452 522 860 876
303 468 444 527 850 775
303 472 442 526 850 774
303 471 442 519 850 773
303 465 443 514 850 772
303 469 442 516 850 671
303 466 434 513 850 670
303 468 440 507 840 670
303 472 441 507 840 670
303 471 441 511 850 669
303 473 442 505 850 669
303 471 437 506 850 669
303 472 441 499 850 669
303 473 441 497 850 669
303 474 439 507 850 668
303 472 441 503 850 668
303 471 440 505 850 668
303 475 439 503 850 668
303 474 438 501 850 668
303 478 434 499 850 668
303 474 435 498 850 568
303 474 436 501 850 568
303 473 440 500 850 568
303 473 440 502 850 568
303 470 442 492 850 568
303 476 435 502 850 567
303 475 437 500 850 567
303 468 436 502 850 567
303 472 439 500 850 567
303 473 438 496 860 567
303 476 435 493 860 567
303 472 436 497 860 567
303 470 436 498 860 567
303 469 440 499 870 568
303 478 440 500 880 568
303 479 442 495 890 568
303 479 439 498 000 568
303 475 441 493 010 569
303 483 435 514 020 569
303 488 428 523 040 469
303 492 427 516 050 469
303 480 438 501 060 469
303 487 441 505 070 369
303 489 436 508 080 369
303 491 436 509 090 369
303 492 431 505 090 269
303 492 438 501 100 269
303 492 439 503 110 269
303 487 442 502 120 169
303 494 439 504 130 169
303 501 433 496 130 169
303 501 428 506 140 169
303 503 431 505 150 169
303 500 442 510 160 169
303 498 437 507 170 069
303 502 433 499 170 069
303 503 434 505 180 069
303 507 434 504 190 068
303 501 435 500 190 068
303 500 434 501 200 068
303 507 433 505 200 068
303 504 431 500 208 968
303 502 430 502 218 968
303 506 438 499 218 968
303 501 433 504 218 968
303 502 431 503 218 968
303 501 437 501 218 968
303 503 435 500 218 968
303 504 431 502 218 968
303 502 433 500 218 968
303 502 433 498 218 968
303 504 437 502 218 968
303 503 433 501 218 968
303 497 435 503 208 968
303 502 435 501 208 968
303 500 433 510 208 968
303 506 433 508 198 968
303 508 437 508 188 968
303 506 434 509 178 969
303 500 431 512 168 969
303 505 433 509 148 969
303 508 436 512 138 969
303 508 433 512 118 970
303 506 436 508 090 070
303 493 437 509 080 070
303 490 436 511 060 070
303 494 438 505 040 070
303 495 438 513 020 170
303 492 440 504 000 170
303 488 440 496 880 170
303 480 441 489 860 170
303 480 437 494 850 169
303 486 433 504 840 268
303 481 437 495 820 268
303 486 437 493 810 268
303 482 433 484 800 267
303 484 431 490 790 267
303 479 440 491 790 267
303 476 436 503 780 267
303 477 432 498 770 267
303 483 430 495 770 267
303 482 439 498 760 367
303 479 443 497 750 367
303 479 434 500 740 367
303 476 435 495 740 367
303 476 441 485 730 366
303 482 437 488 720 366
303 480 435 490 710 365
303 477 428 487 700 365
303 479 437 493 690 365
303 474 433 487 680 365
303 476 442 490 670 365
303 479 438 486 670 364
303 479 429 483 660 364
303 477 434 486 660 364
303 474 433 485 650 364
303 477 436 490 650 364
303 476 440 488 650 364
303 474 441 484 640 364
303 476 438 487 640 364
303 481 437 485 630 363
303 476 436 483 630 363
303 475 436 482 620 363
303 478 433 482 620 363
303 480 437 479 620 363
303 479 434 484 610 363
303 480 436 482 610 363
303 480 439 480 610 363
303 475 436 484 610 463
303 476 434 481 610 463
303 481 434 481 610 463
303 475 437 484 610 463
303 476 435 482 610 463
303 474 436 482 620 463
303 477 433 479 620 463
303 476 438 477 620 563
303 471 436 482 620 564
303 475 437 482 630 564
303 468 438 488 640 665
303 471 429 483 650 665
303 470 430 488 660 766
303 474 438 494 680 767
303 475 451 500 690 768
303 474 425 507 710 769
303 467 440 514 730 770
303 470 462 549 740 771
303 468 436 488 770 772
303 478 450 518 780 673
303 473 446 518 800 674
303 475 448 523 810 575
303 485 444 526 830 575
303 485 452 530 840 476
303 484 449 539 850 376
303 483 454 539 860 376
303 486 445 537 870 376
303 489 449 527 880 277
303 484 449 531 880 276
303 493 449 537 890 277
303 493 450 546 000 277
303 492 446 545 000 177
303 490 451 538 000 178
303 492 446 536 000 278
303 491 450 531 000 278
303 492 451 534 000 278
303 488 468 544 000 278
303 495 456 548 010 280
303 491 463 546 010 181
303 493 467 549 010 182
303 494 471 551 010 182
303 497 475 553 010 184
303 500 482 549 010 184
303 492 477 554 010 185
303 493 489 552 010 186
303 495 491 556 010 187
303 494 493 559 010 187
303 496 491 562 010 188
303 489 503 551 010 189
303 488 505 551 010 189
303 490 509 555 010 200
303 490 507 557 010 200
303 490 507 561 010 200
303 493 510 557 010 200
303 489 511 555 010 201
303 488 508 559 020 201
303 492 507 555 020 201
303 491 511 555 020 201
303 486 508 555 020 201
303 492 510 556 020 201
303 490 510 554 020 201
303 489 510 557 020 202
303 489 508 557 020 202
303 484 515 559 020 302
303 488 511 557 020 302
303 480 511 559 020 402
303 477 508 553 020 402
303 474 514 551 020 502
303 474 512 557 020 603
303 469 509 543 020 703
303 470 522 548 020 804
303 461 515 543 030 904
303 454 516 540 031 005
303 450 515 540 031 105
303 450 516 536 031 205
303 454 515 537 031 205
303 451 518 530 041 306
303 448 519 532 041 407
303 439 515 531 051 407
303 432 516 529 051 507
303 436 518 529 051 507
303 433 518 527 061 507
303 438 518 526 061 607
303 436 512 523 061 607
303 434 509 522 061 607
303 434 514 523 061 607
303 435 514 522 061 607
303 433 514 521 061 607
303 437 512 523 061 607
303 435 509 526 051 607
303 437 519 528 051 607
303 439 512 526 051 607
303 434 512 525 051 506
303 440 511 528 051 506
303 441 515 529 041 506
303 445 509 528 041 406
303 445 514 530 041 405
303 448 516 535 041 305
303 447 513 532 031 204
303 459 516 537 031 104
303 454 515 538 031 004
303 468 514 525 030 804
303 474 528 537 020 604
303 487 510 552 020 504
303 492 513 554 020 303
303 497 515 557 020 103
303 505 513 557 020 003
303 517 515 564 018 803
303 520 514 559 018 703
303 520 513 556 018 603
303 526 510 554 018 503
303 532 511 557 018 403
303 530 512 554 018 303
303 536 509 550 018 303
303 537 511 555 018 203
303 538 510 549 018 202
303 534 512 544 018 202
303 530 510 544 018 203
303 533 511 543 018 203
303 529 512 541 018 203
303 533 509 540 018 203
303 534 512 544 018 203
303 535 509 546 018 103
303 534 509 546 018 103
303 536 508 544 018 102
303 534 506 548 018 102
303 530 509 547 018 102
303 529 508 548 018 102
303 530 507 549 018 202
303 531 498 553 018 202
303 528 504 546 028 301
303 527 505 549 028 301
303 527 500 555 028 401
303 524 500 560 038 501
303 518 504 550 038 601
303 518 493 546 038 701
303 504 494 543 048 801
303 501 506 545 048 701
303 496 498 543 058 701
303 492 496 542 058 702
303 502 499 539 058 702
303 507 502 544 058 703
303 504 508 537 048 604
303 499 518 539 048 604
303 491 534 532 048 705
303 511 543 543 038 706
303 497 525 544 028 707
303 510 550 544 018 808
303 511 576 541 018 809
303 514 576 548 018 810
303 507 548 551 008 810
303 504 530 548 008 811
303 494 544 531 008 912
303 508 579 530 898 912
303 508 580 540 898 913
303 518 578 541 898 913
303 512 578 537 898 914
303 501 563 530 898 915
303 492 559 525 890 016
303 492 567 519 890 016
303 492 552 510 890 017
303 503 571 517 890 018
303 492 541 531 890 018
303 492 546 510 898 918
303 504 544 505 898 919
303 508 549 500 898 720
303 519 545 492 898 622
303 516 552 476 888 523
303 607 630 484 888 623
303 537 526 498 898 723
303 482 541 506 898 723
303 486 536 494 898 623
303 522 608 500 898 723
303 510 556 492 898 723
303 512 567 496 898 723
303 513 562 490 898 723
303 513 565 484 898 723
303 512 565 491 888 723
303 510 568 492 888 723
303 511 566 488 888 723
303 512 567 490 888 724
303 511 566 491 888 724
303 513 565 489 888 724
303 512 569 492 888 724
303 512 568 486 888 724
303 511 566 489 888 724
303 512 563 491 888 724
303 511 566 490 888 724
303 513 565 494 888 724
303 512 564 495 888 724
303 512 567 491 888 724
303 511 567 493 888 724
303 513 567 487 888 724
303 512 566 491 888 724
303 513 565 492 888 724
303 511 568 495 888 724
303 512 567 491 888 724
303 510 566 492 888 724
303 511 566 492 888 724
303 511 564 486 888 724
303 512 566 489 888 724
303 511 567 493 888 724
303 512 566 491 888 724
303 511 569 490 888 724
303 511 566 491 888 724
303 512 566 488 888 724
303 512 568 489 888 724
303 510 568 493 888 724
303 512 563 492 888 724
303 510 567 489 888 724
303 510 567 493 888 724
303 511 566 494 888 724
303 511 565 490 888 724
303 511 565 486 888 724
303 512 566 491 888 724
303 509 565 487 888 724
303 509 566 489 888 724
303 511 565 490 888 724
303 510 564 493 888 724
303 510 566 490 888 724
303 513 567 485 888 724
303 512 566 491 888 724
303 511 565 490 888 724
303 510 562 492 888 724
303 513 568 490 888 724
303 511 566 490 888 724
303 512 566 492 888 724
303 511 566 495 888 724
303 512 566 492 888 724
303 510 569 491 888 724
303 513 568 492 888 724
303 512 564 488 888 724
303 511 566 491 888 724
303 512 567 495 888 724
303 513 567 492 888 724
303 511 567 492 888 724
303 511 569 488 888 724
303 512 567 487 888 724
303 506 506 416 888 723
303 499 561 491 888 725
303 506 574 541 888 824
303 524 584 502 878 823
303 495 601 503 888 922
303 506 601 492 898 921
303 502 557 505 890 021
303 486 580 502 000 020
303 492 607 529 000 119
303 497 593 531 010 217
303 462 598 512 010 215
303 480 570 508 000 314
303 486 540 537 000 312
303 488 533 555 000 311
303 478 529 543 000 308
303 502 504 529 000 406
303 482 501 521 000 405
303 485 500 543 000 404
303 481 500 555 000 404
303 495 496 554 890 402
303 490 475 515 890 401
303 475 482 531 890 401
303 473 481 541 890 401
303 483 485 559 890 401
303 477 487 552 890 401
303 485 490 541 890 301
303 483 490 561 890 301
303 486 500 568 890 300
303 481 513 561 890 200
303 436 565 538 890 201
303 514 526 565 860 100
303 529 511 593 840 089
303 535 468 574 820 188
303 511 472 527 820 188
303 476 516 553 830 189
303 492 502 557 830 100
303 491 509 552 830 100
303 497 507 568 820 100
303 543 490 557 820 189
303 505 455 558 820 100
303 488 528 558 810 189
303 492 483 531 810 289
303 484 471 568 800 289
303 487 524 569 790 389
303 485 457 589 780 489
303 468 544 486 770 488
303 481 504 562 750 489
303 492 461 578 730 488
303 499 454 549 720 487
303 491 475 540 710 386
303 486 478 563 700 385
303 494 481 564 690 285
303 494 475 556 680 284
303 488 467 541 670 283
303 474 453 529 660 283
303 481 471 551 660 383
303 480 482 561 660 383
303 487 483 565 650 383
303 490 468 538 650 383
303 480 476 552 650 383
303 487 486 568 640 383
303 496 465 557 640 384
303 484 472 544 630 284
303 489 474 554 630 283
303 482 486 548 630 284
303 490 482 556 620 284
303 491 478 564 620 285
303 492 489 567 620 285
303 491 490 549 620 286
303 486 487 551 610 286
303 489 485 554 610 286
303 490 503 550 600 286
303 493 482 546 590 186
303 498 480 556 580 185
303 496 469 566 580 085
303 500 476 555 580 085
303 496 492 551 570 085
303 490 500 550 570 085
303 500 478 551 560 085
303 497 482 558 560 085
303 498 482 558 560 085
303 497 484 556 560 085
303 498 478 549 550 085
303 498 485 551 550 085
303 506 480 558 558 985
303 507 478 550 548 984
303 509 478 549 548 984
303 507 476 551 548 984
303 505 474 552 548 984
303 506 479 551 548 984
303 504 483 553 548 884
303 505 483 554 548 884
303 504 480 555 548 884
303 506 481 549 548 884
303 506 474 555 548 884
303 502 477 568 538 885
303 510 484 549 528 885
303 504 482 550 528 885
303 502 482 555 518 884
303 508 468 555 508 884
303 514 492 542 498 885
303 511 497 540 498 885
303 505 450 551 488 885
303 525 455 564 498 884
303 513 508 557 498 883
303 501 502 544 488 883
303 495 475 548 488 883
303 517 476 567 478 784
303 517 480 549 468 784
303 509 480 551 458 784
303 512 486 554 448 784
303 514 467 548 438 785
303 506 479 550 428 785
303 511 491 559 428 685
303 516 464 545 418 685
303 515 478 557 418 685
303 513 475 552 408 685
303 513 482 555 408 685
303 510 489 544 408 785
303 513 491 548 408 685
303 514 482 561 408 685
303 508 479 564 398 685
303 507 482 549 398 785
303 508 486 541 398 785
303 509 488 548 398 785
303 512 481 561 398 785
303 513 483 554 398 785
303 509 486 535 398 785
303 508 485 549 398 785
303 509 480 562 398 785
303 509 479 556 408 785
303 510 480 544 408 885
303 508 483 541 408 884
303 509 479 558 418 884
303 502 465 551 418 884
303 501 472 536 438 884
303 513 486 549 448 984
303 515 505 571 458 984
303 499 458 552 468 984
303 502 456 559 470 083
303 507 477 561 490 081
303 511 501 549 510 181
303 467 427 533 530 181
303 480 418 575 550 281
303 492 458 577 580 383
303 518 523 563 610 484
303 503 516 527 630 486
303 463 446 521 660 486
303 468 514 569 680 486
303 472 596 588 690 486
303 506 488 560 690 485
303 446 444 524 690 485
303 465 498 554 700 485
303 509 486 571 710 586
303 499 449 518 730 487
303 480 529 555 750 388
303 522 499 595 770 200
303 514 450 588 800 101
303 517 455 566 840 102
303 542 535 558 890 102
303 451 630 522 010 004
303 477 507 535 010 003
303 487 500 558 020 002
303 508 515 538 030 002
303 497 519 532 050 002
303 495 533 535 070 003
303 498 525 545 088 902
303 507 509 566 108 803
303 517 425 546 128 802
303 523 550 568 148 703
303 506 536 548 168 704
303 515 527 548 188 704
303 520 527 550 198 704
303 522 518 555 208 603
303 518 527 552 228 503
303 519 529 544 228 402
303 504 518 552 228 503
303 495 512 546 218 503
303 476 488 543 208 703
303 483 499 546 188 803
303 511 508 544 168 903
303 509 512 531 158 904
303 503 527 531 148 905
303 488 533 542 138 906
303 493 534 539 120 007
303 507 555 536 100 009
303 522 568 536 090 010
303 531 559 524 080 011
303 522 553 527 078 913
303 495 554 530 068 914
303 512 580 548 058 914
303 514 581 531 040 015
303 511 566 526 040 016
303 521 594 533 030 017
303 506 578 533 030 017
303 496 559 529 030 117
303 500 562 502 030 118
303 494 550 524 030 119
303 485 557 520 030 220
303 479 565 516 030 220
303 480 580 507 030 220
303 482 570 501 040 321
303 477 561 497 040 321
303 484 572 497 040 322
303 493 578 500 040 222
303 490 585 492 040 222
303 480 573 492 040 222
303 474 575 490 040 322
303 480 568 493 040 322
303 483 554 501 030 322
303 496 555 496 030 321
303 486 560 496 030 422
303 482 559 501 020 322
303 481 573 516 020 422
303 475 569 502 020 421
303 478 520 498 020 621
303 472 544 496 020 521
303 473 562 497 020 522
303 475 565 503 020 522
303 480 590 477 020 522
303 469 573 495 020 621
303 468 565 507 020 621
303 458 546 511 020 620
303 467 540 510 010 720
303 465 550 501 010 720
303 472 561 500 010 621
303 476 583 500 010 621
303 477 583 493 010 621
303 475 566 501 010 621
303 474 558 503 010 621
303 468 552 500 010 621
303 464 551 506 020 621
303 471 558 502 010 621
303 468 560 504 010 621
303 471 566 501 010 621
303 474 572 501 010 621
303 472 565 501 010 621
303 468 560 501 010 621
303 468 559 505 010 621
303 470 557 504 010 621
303 463 563 501 010 621
303 469 563 500 010 621
303 472 562 504 010 622
303 473 567 501 010 621
303 470 563 501 010 621
303 468 563 505 010 621
303 468 560 501 010 621
303 471 563 504 010 621
303 471 562 505 010 621
303 473 563 497 010 621
303 474 564 498 010 621
303 474 562 504 010 622
303 471 563 499 010 621
303 471 561 504 010 622
303 472 563 495 010 621
303 471 558 500 010 622
303 471 561 501 010 622
303 470 560 504 010 622
303 469 565 502 010 622
303 471 561 498 010 622
303 474 564 501 010 622
303 472 564 500 010 622
303 475 562 499 010 622
303 470 564 498 010 522
303 471 562 503 010 522
303 470 560 503 010 522
303 472 562 498 010 622
303 474 562 499 010 522
303 472 565 502 010 522
303 471 563 501 010 522
303 470 562 497 010 522
303 472 560 498 010 522
303 469 565 504 010 622
303 472 564 502 010 622
303 473 560 500 010 622
303 470 562 503 010 522
303 473 561 501 010 622
303 472 560 501 010 522
303 469 561 503 010 522
303 470 563 500 010 622
303 472 559 500 010 622
303 464 563 501 010 622
303 471 562 498 010 622
303 462 561 502 010 622
303 471 564 504 010 622
303 471 565 496 010 622
303 463 560 504 010 622
303 470 562 501 010 622
303 472 562 505 010 622
303 470 561 504 010 622
303 469 563 503 010 621
303 472 566 503 010 621
303 471 563 500 010 621
303 475 568 501 010 621
303 472 563 503 010 621
303 473 560 500 010 621
303 472 560 501 010 621
303 470 562 501 010 622
303 472 563 499 010 622
303 474 565 500 010 622
303 468 563 501 010 522
303 473 562 492 010 622
303 474 562 502 010 522
303 470 566 503 010 522
303 472 565 505 010 522
303 474 564 501 010 522
303 474 561 502 010 522
303 471 562 503 010 522
303 470 561 503 010 522
303 469 565 505 010 522
303 473 559 498 010 521
303 470 565 498 010 522
303 471 562 501 010 522
303 472 562 502 010 522
303 472 562 503 010 522
303 472 565 500 010 522
303 472 564 496 010 522
303 470 562 500 010 522
303 472 561 500 010 522
303 472 562 504 010 522
303 471 562 502 010 522
303 470 564 501 010 522
303 476 562 503 010 522
303 470 564 499 010 522
303 476 565 503 010 522
303 469 563 500 010 522
303 472 566 504 010 522
303 471 565 500 010 522
303 470 560 503 010 522
303 469 562 498 010 522
303 471 562 502 010 522
303 466 561 506 010 522
303 474 556 499 000 621
303 470 564 501 000 622
303 471 563 502 000 622
303 472 564 501 000 622
303 472 564 502 000 622
303 467 565 504 000 622
303 468 564 502 000 621
303 469 565 502 000 621
303 464 561 503 000 621
303 470 562 501 000 621
303 472 563 497 000 621
303 470 561 502 000 622
303 472 561 499 000 622
303 470 564 499 000 622
303 471 565 498 000 622
303 470 560 502 000 622
303 472 565 500 000 622
303 474 561 499 000 622
303 473 558 502 000 622
303 471 564 502 000 622
303 473 559 501 000 622
303 473 562 503 000 622
303 472 560 505 000 622
303 472 564 501 000 622
303 472 561 498 000 522
303 470 559 504 000 522
303 471 563 497 000 622
303 470 561 503 000 622
303 474 558 496 000 622
303 472 565 504 000 622
303 473 563 503 000 522
303 469 560 501 000 522
303 472 564 499 000 622
303 472 562 497 000 622
303 471 563 500 000 622
303 471 560 502 000 622
303 473 559 504 000 622
303 472 564 500 000 622
303 472 561 503 000 522
303 470 565 502 000 522
303 470 565 503 000 522
303 472 564 502 000 522
303 471 560 496 000 522
303 472 561 503 000 622
303 468 566 504 000 622
303 471 562 502 000 622
303 470 559 504 000 622
303 474 565 501 000 621
303 469 561 502 000 522
303 470 563 502 000 622
303 472 562 501 000 622
303 473 564 498 000 622
303 471 564 500 000 522
303 468 559 500 000 622
303 474 565 504 000 622
303 473 562 501 000 622
303 475 561 502 000 522
303 473 563 500 000 522
303 474 565 503 000 522
303 468 564 498 000 522
303 469 562 500 000 522
303 470 563 501 000 522
303 469 563 501 000 622
303 472 566 500 000 622
303 471 565 499 000 622
303 474 560 500 000 522
303 472 565 498 000 522
303 471 562 500 000 522
303 472 563 501 000 522
303 470 562 500 000 522
303 472 561 505 000 522
303 472 563 501 000 522
303 473 564 501 000 522
303 472 562 498 000 522
303 471 558 503 000 522
303 470 559 499 000 622
303 471 560 502 000 622
303 475 567 501 000 622
303 470 564 499 000 522
303 468 560 498 000 522
303 469 564 499 000 622
303 472 563 500 000 622
303 473 562 498 000 622
303 472 561 502 000 622
303 475 561 501 000 622
303 468 564 498 000 522
303 472 561 504 000 622
303 471 564 503 000 622
303 472 564 498 000 622
303 472 560 501 000 522
303 468 566 504 000 522
303 471 566 500 0