8 358 79 52 276 -4

8 358 79 54 274 -3

6 358 78 44 276 -2

6 357 79 43 276 -5

5 357 79 42 277 -5

6 356 80 46 276 -9

5 358 78 42 276 -3

6 358 79 45 277 -4

5 358 78 40 275 -2

5 358 78 41 276 -3

6 358 78 43 277 -4

6 358 79 43 277 -4

7 358 79 47 275 -2

6 357 79 44 276 -7

6 358 78 44 276 -4

6 357 79 45 277 -5

6 357 79 45 277 -6

6 359 78 43 277 2

7 358 78 48 275 -2

7 357 79 47 276 -6

6 358 79 45 277 -2

6 357 79 45 275 -5

7 357 79 48 276 -7

6 358 79 46 278 -3

6 358 78 46 277 -1

7 357 79 48 277 -5

7 358 79 49 276 -4

7 358 79 47 276 -3

6 357 78 44 277 -6

7 358 79 48 275 -3

9 358 79 56 275 -3

8 358 79 54 275 -4

9 359 79 57 273 0

7 358 79 49 276 -4

8 358 79 55 274 -2

10 358 79 63 273 -3

11 358 79 65 272 -3

11 358 78 66 271 -2

9 359 78 56 274 1

9 359 78 57 276 1

7 357 77 51 275 -6

7 358 75 49 279 -1

8 358 75 53 272 -3

9 356 76 61 278 -12

12 358 73 71 269 -2

12 358 72 73 272 -5

8 359 70 55 276 2

10 357 70 64 271 -6

7 356 69 48 273 -9

8 357 68 54 274 -8

10 358 66 62 276 -1

7 356 65 49 276 -9

6 358 63 44 276 -2

5 357 63 42 275 -7

10 356 63 61 273 -11

5 359 59 43 287 1

8 0 58 55 286 5

7 358 58 49 275 -2

10 357 58 63 272 -7

8 357 57 54 273 -6

5 358 55 42 281 -4

7 358 54 49 274 -2

7 358 54 47 277 -3

6 359 53 46 275 1

6 357 53 46 276 -6

6 357 52 43 273 -5

5 357 51 40 276 -5

7 357 51 48 279 -5

6 358 50 45 273 -2

5 357 49 41 277 -6

5 358 48 41 276 -1

3 358 47 33 277 -2

3 358 46 32 274 -2

4 357 46 35 275 -4

6 357 46 44 277 -5

5 356 45 41 276 -9

5 358 44 39 280 -4

2 358 40 28 280 -1

4 358 41 34 276 0

3 357 39 30 278 -4

358 359 38 6 282 3

2 357 38 26 280 -5

2 359 36 25 279 1

1 358 36 23 276 -2

1 358 34 20 277 0

1 358 34 21 275 0

1 357 34 20 279 -6

1 358 33 21 278 -2

6 357 35 44 276 -7

3 358 32 30 280 -1

4 358 32 33 273 -3

2 359 30 25 281 1

3 0 30 33 276 5

3 358 29 30 278 -3

0 358 26 15 278 -1

0 358 25 16 282 -3

3 357 27 31 277 -6

3 359 25 31 279 4

358 359 23 6 282 5

2 357 24 27 280 -7

3 359 23 33 279 1

4 357 23 36 278 -6

3 358 22 30 279 -3

3 359 21 33 282 3

2 358 20 28 276 -1

1 358 19 24 279 -2

1 357 18 24 278 -6

1 358 16 23 280 0

0 358 16 18 281 -3

4 358 17 37 282 -4

2 358 15 26 280 -1

2 358 14 26 277 0

2 359 13 25 280 1

1 359 12 22 281 1

2 358 13 28 279 -1

2 357 12 27 280 -7

3 358 12 31 276 -1

4 356 13 37 277 -10

0 359 8 17 277 2

0 359 8 18 277 2

3 357 9 31 279 -7

1 358 7 24 279 -3

2 357 8 27 277 -4

2 358 7 28 278 -3

3 359 7 31 278 1

2 359 7 28 279 1

3 357 7 32 278 -4

1 359 6 24 278 2

3 358 7 32 278 -1

2 358 6 25 279 0

2 358 6 26 279 0

2 359 6 27 278 4

2 359 6 25 279 1

3 358 7 30 275 -2

2 359 6 27 275 3

2 358 6 26 278 -3

2 359 6 27 278 1

0 359 5 16 276 1

1 359 5 20 277 2

1 357 7 23 275 -4

2 358 8 28 279 0

4 357 10 36 276 -5

2 359 9 27 275 3

1 357 9 23 280 -7

3 357 10 32 280 -8

4 357 12 34 273 -5

1 1 10 20 278 12

4 0 12 34 274 5

3 359 12 32 277 2

4 357 12 34 276 -8

2 357 11 27 277 -5

3 357 12 29 281 -8

1 358 10 20 275 -3

2 357 14 28 277 -8

5 355 16 38 276 -16

3 358 16 33 288 -2

2 357 17 25 286 -7

4 357 20 34 273 -6

6 357 24 46 273 -8

4 357 23 35 278 -6

6 356 26 43 278 -12

4 357 26 36 279 -8

4 356 28 37 280 -9

6 355 31 44 276 -17

3 357 30 32 278 -8

2 357 30 28 279 -4

3 357 31 32 277 -5

2 357 32 27 277 -7

5 357 36 41 278 -8

4 358 35 34 278 -1

4 358 37 36 277 0

6 357 38 43 278 -5

3 358 38 29 280 -3

4 357 40 35 278 -6

4 356 41 37 278 -9

3 358 41 29 278 -2

4 358 43 36 277 -3

4 357 44 34 277 -6

3 357 45 30 276 -8

4 358 46 35 281 0

4 358 47 36 277 -2

3 357 50 33 276 -8

5 358 52 38 279 -4

4 358 51 36 278 -4

4 357 54 37 281 -8

9 357 56 56 274 -8

5 358 56 39 276 -4

4 359 56 36 273 1

4 358 57 34 276 -1

2 0 57 24 270 6

6 357 61 47 287 -6

5 355 63 42 289 -14

3 359 62 33 276 2

6 358 64 46 284 -2

5 0 64 40 272 6

4 43 96 48 280 244

4 357 68 37 274 -4

4 358 69 36 275 -1

5 356 71 41 277 -10

7 357 73 52 285 -7

6 357 74 43 278 -6

3 359 74 32 276 2

8 357 77 56 279 -8

9 357 78 59 275 -5

5 358 79 41 289 -1

7 357 82 51 278 -8

359 357 82 13 277 -7

9 355 84 57 269 -15

8 358 84 55 274 -2

4 359 85 35 273 3

8 357 88 52 279 -8

4 359 88 37 277 1

6 358 90 43 276 -3

7 358 91 48 270 0

9 2 92 60 280 13

6 358 93 43 278 -1

8 357 95 55 277 -8

8 358 96 57 290 -3

8 358 98 55 274 -1

8 358 99 54 275 -3

9 358 100 60 275 -2

10 358 101 64 270 -1

9 358 103 59 271 -1

10 358 104 64 278 -4

9 359 105 58 274 1

13 357 108 72 264 -5

11 357 110 68 268 -7

10 357 111 66 294 -6

3 356 115 30 263 -8

9 0 112 60 278 4

7 0 114 50 274 6

7 356 117 47 273 -12

10 357 116 62 272 -6

10 358 117 63 270 -3

7 358 119 50 275 -2

10 357 120 61 273 -5

7 359 122 51 274 0

9 356 124 59 275 -12

8 357 125 56 276 -7

7 358 126 48 273 0

9 357 127 61 279 -6

6 358 130 44 277 -3

8 358 130 52 277 -2

9 359 132 59 290 1

5 313 150 48 274 -256

6 359 137 46 279 1

10 359 137 63 271 0

8 357 142 53 268 -8

6 357 145 47 278 -6

14 359 142 81 278 1

9 357 150 59 276 -8

7 358 152 47 271 0

4 358 158 36 279 -1

4 358 162 36 273 -2

7 358 162 47 274 -2

4 358 165 36 276 -2

5 358 164 39 278 -2

6 359 164 43 276 1

5 359 165 41 277 1

6 358 165 44 276 0

6 359 163 45 276 1

5 358 165 41 277 0

6 359 163 46 278 1

6 358 163 43 277 -1

7 358 162 49 276 -2

7 358 161 50 277 -1

6 358 162 43 276 -1

6 359 162 43 278 1

8 356 159 54 277 -9

5 358 160 41 278 -2

6 355 159 44 277 -13

5 357 157 41 280 -7

7 357 154 48 276 -6

5 358 155 42 281 -3

2 359 155 27 275 2

3 358 153 32 278 -2

3 313 162 35 275 -253

7 358 147 48 282 -3

8 358 144 52 275 -2

3 358 146 32 279 -1

5 358 143 39 277 -3

3 356 143 32 273 -10

3 358 139 29 275 -2

4 358 136 37 283 -1

6 357 133 44 280 -5

11 2 129 64 265 15

2 359 130 25 278 1

9 358 125 57 260 -4

6 356 124 43 279 -11

4 356 122 35 275 -11

1 0 118 23 290 9

6 0 114 46 277 7

1 358 114 24 286 -4

2 358 111 25 283 -3

7 357 108 47 271 -6

358 358 107 10 272 -2

3 358 104 31 282 -1

5 357 103 39 285 -8

7 358 100 50 276 -3

5 357 99 38 276 -5

4 357 97 37 272 -6

6 356 96 43 274 -9

3 356 94 32 278 -9

0 357 92 17 279 -4

5 356 91 39 275 -10

2 358 89 26 280 -1

2 356 89 28 279 -11

7 356 88 49 279 -11

5 357 86 42 279 -6

4 358 84 35 277 -3

1 358 82 21 278 0

2 357 82 28 281 -4

5 357 82 41 276 -8

6 357 81 47 278 -7

0 356 80 15 278 -9

2 357 78 28 279 -4

5 357 78 38 279 -5

2 357 78 28 278 -8

4 359 76 34 277 2

1 358 75 24 280 -3

7 358 76 48 272 -3

5 356 77 40 275 -9

6 357 77 44 276 -8

4 358 76 35 276 -2

3 357 76 33 278 -5

5 356 78 39 274 -12

6 355 79 45 280 -15

4 358 76 35 281 -2

8 359 76 51 271 1

5 358 77 42 275 -4

4 356 77 38 287 -10

4 354 78 36 277 -20

4 351 78 35 279 -31

3 350 78 31 264 -35

2 347 79 26 275 -51

5 347 79 39 270 -51

3 345 80 31 278 -61

3 344 80 31 271 -64

2 343 80 27 263 -66

2 339 82 26 259 -79

3 337 83 29 259 -91

4 336 83 37 282 -107

4 333 84 33 257 -107

2 332 84 23 257 -112

1 329 86 20 256 -126

5 328 85 35 231 -118

3 325 87 28 223 -127

3 323 87 28 241 -152

3 320 88 26 220 -155

3 318 89 27 211 -159

4 316 89 32 207 -169

1 313 89 19 194 -171

7 314 88 42 186 -159

5 312 89 37 199 -186

5 309 89 36 191 -193

4 307 89 32 180 -195

3 303 91 27 160 -197

5 305 89 36 167 -194

4 305 89 31 168 -194

3 307 90 27 175 -191

6 310 88 41 191 -189

5 308 90 37 182 -191

5 309 88 37 184 -189

4 309 89 34 187 -191

5 309 88 37 182 -188

5 310 88 36 184 -183

5 309 88 34 184 -188

5 309 88 36 185 -186

6 310 88 39 189 -185

7 312 87 44 195 -182

6 313 87 44 205 -183

6 314 87 44 208 -182

7 316 86 46 201 -162

7 318 85 46 204 -155

9 319 85 55 207 -151

8 321 85 51 222 -152

9 322 84 56 219 -146

8 324 83 50 230 -143

10 326 83 60 229 -131

7 328 83 49 248 -132

7 329 82 49 245 -127

8 331 82 51 240 -114

8 332 81 51 243 -108

9 336 79 57 257 -96

8 337 80 53 257 -91

9 338 80 55 255 -84

9 342 79 59 261 -69

9 344 79 56 262 -60

9 347 78 59 277 -51

9 351 77 59 275 -35

9 353 77 57 272 -26

10 355 76 63 276 -15

9 357 76 61 281 -8

10 359 75 61 265 2

9 2 76 57 275 13

11 3 78 64 260 18

8 4 79 56 275 24

9 6 79 56 264 30

8 7 82 54 284 39

7 9 83 53 288 47

7 11 84 48 270 52

7 12 86 52 272 60

8 14 87 52 262 67

6 16 90 44 268 78

2 20 94 28 255 89

3 22 96 31 244 96

4 23 96 36 265 108

2 25 99 29 251 111

1 27 101 24 251 121

1 28 102 24 252 128

1 30 105 22 249 136

0 34 108 18 235 147

2 36 108 25 227 155

2 38 111 27 222 162

356 42 113 1 207 175

356 44 115 -1 201 181

358 48 116 6 186 187

358 49 116 6 184 194

358 50 117 6 182 200

357 52 117 3 170 200

356 52 118 0 176 207

357 53 118 1 172 210

356 53 118 -1 176 211

356 52 118 0 179 210

357 53 117 3 171 206

357 52 118 1 178 204

356 52 117 0 175 205

357 51 118 2 179 202

356 52 118 0 178 205

357 52 118 2 176 205

357 53 118 1 175 208

356 52 118 0 176 208

357 53 117 2 173 207

356 53 118 0 173 206

313 33 110 -256 178 210

357 51 117 3 177 202

356 51 117 1 176 197

356 49 117 1 183 194

357 49 117 3 188 195

356 48 116 0 187 193

356 46 116 -3 199 190

357 45 115 3 201 182

357 42 114 5 208 173

357 40 113 2 214 169

358 39 113 10 215 161

356 36 110 1 233 158

358 35 109 10 233 150

359 34 108 12 230 146

359 32 106 13 238 138

359 28 103 12 251 128

0 26 101 18 254 119

2 24 99 24 242 104

1 21 96 23 264 99

1 19 94 24 261 89

3 16 91 31 262 76

3 15 89 32 281 74

2 13 88 28 276 63

4 10 85 34 274 51

6 9 84 44 272 47

5 7 82 40 261 37

6 5 80 44 269 26

6 1 77 47 285 11

10 1 78 67 288 11

7 4 80 52 302 27

8 5 81 57 280 29

10 4 81 65 279 23

10 3 80 64 269 17

11 4 81 65 262 23

6 4 80 44 263 23

5 4 81 43 291 25

4 5 81 34 267 27

359 2 79 14 284 17

358 1 78 7 268 12

355 1 78 -6 274 12

349 0 78 -36 302 10

348 0 78 -37 264 9

341 2 81 -75 292 21

334 0 79 -102 262 12

329 357 81 -119 250 -2

327 356 82 -126 241 -4

321 356 82 -146 217 -3

319 357 82 -158 219 0

313 357 82 -191 215 -1

306 355 85 -205 179 -9

305 356 84 -224 190 -3

299 357 84 -220 155 3

294 357 84 -233 132 2

292 356 85 -240 124 -2

288 356 87 -229 102 -4

282 356 86 -246 75 -3

281 355 86 -254 70 -5

277 354 87 -267 50 -11

266 183 85 -252 20 -3

265 182 84 -251 4 2

264 181 82 -251 -3 8

254 182 82 -267 -53 4

250 183 83 -256 -67 -3

250 183 83 -247 -64 -1

245 181 80 -236 -86 7

244 179 77 -229 -90 14

241 181 78 -201 -90 8

239 181 78 -216 -111 5

237 181 75 -217 -123 7

242 182 79 -227 -101 4

240 181 77 -228 -109 8

239 179 72 -225 -114 14

239 181 74 -227 -114 8

240 182 78 -222 -109 3

238 182 77 -226 -118 3

240 182 77 -227 -110 4

239 181 76 -223 -114 6

242 183 80 -230 -101 -1

245 181 79 -230 -84 7

248 180 79 -235 -75 10

251 182 83 -248 -63 4

255 182 84 -251 -42 4

262 180 84 -246 -10 10

265 181 85 -258 2 7

273 358 85 -247 34 6

279 359 84 -251 67 13

282 0 84 -261 82 16

286 358 85 -246 100 7

292 359 85 -237 127 11

301 0 84 -215 162 12

305 1 84 -203 177 16

310 1 85 -188 191 17

316 1 85 -164 210 16

318 1 86 -166 224 19

326 3 88 -133 241 26

329 3 87 -120 247 23

334 4 88 -100 259 27

340 5 88 -69 260 29

343 5 88 -62 278 33

348 6 89 -39 275 34

350 7 89 -28 273 39

355 8 89 -5 276 42

1 8 89 25 285 43

3 10 89 34 278 50

7 10 89 50 274 50

13 11 89 74 255 50

18 13 89 96 254 59

22 11 87 114 251 53

25 9 85 128 253 45

27 8 83 134 241 40

30 8 82 154 244 40

35 7 82 170 230 35

39 6 80 183 214 29

41 8 78 192 212 38

47 7 72 211 189 34

50 6 69 220 180 27

53 5 62 236 173 24

63 5 33 244 124 22

64 6 19 247 119 28

68 5 -8 252 106 24

80 3 -49 511 84 24

75 5 -44 262 75 22

79 4 -52 268 55 20

84 2 -60 281 36 12

82 4 -59 282 41 18

85 4 -62 277 18 21

96 175 -62 266 -7 21

102 174 -60 250 -33 24

103 176 -63 267 -46 15

107 176 -63 258 -63 17

111 172 -60 236 -71 32

104 174 -64 260 -47 24

104 176 -66 282 -55 18

107 176 -65 265 -69 17

107 175 -63 259 -65 22

104 175 -65 265 -50 18

104 174 -63 261 -51 22

104 175 -62 261 -48 20

103 175 -63 264 -44 20

100 175 -64 270 -31 18

98 176 -64 274 -23 15

99 176 -63 272 -29 15

98 176 -63 268 -23 16

96 177 -64 264 -15 12

94 176 -63 270 -1 15

46 2 -27 270 252 13

94 175 -63 272 11 19

85 4 -62 269 20 18

86 2 -62 280 23 12

83 2 -60 271 41 9

81 2 -58 270 48 9

79 2 -52 268 58 9

76 4 -42 253 68 18

70 5 -23 249 96 21

65 5 3 253 122 24

64 3 15 248 122 15

64 3 25 245 123 13

57 2 51 235 155 13

53 2 60 216 161 12

50 1 66 220 184 8

45 1 70 207 205 9

42 2 72 188 204 12

35 2 75 162 224 11

33 1 76 159 232 10

26 1 77 129 246 9

21 359 77 111 261 0

17 355 78 90 257 -16

10 358 77 58 262 -4

7 357 78 46 267 -5

4 358 77 36 276 -1

357 359 77 5 285 1

359 358 76 12 289 -1

357 358 77 5 283 0

356 358 77 1 283 0

356 358 77 0 281 -3

356 357 77 -2 284 -6

356 356 78 -1 284 -10

355 358 77 -5 281 0

356 358 77 1 280 -2

356 358 77 1 272 -1

358 358 76 6 280 -1

357 358 77 3 283 0

1 357 78 20 286 -8

358 359 76 7 282 1

359 358 76 12 278 -1

358 355 79 6 265 -12

359 359 76 11 279 1

358 356 77 10 277 -8

356 358 77 1 281 -2

2 357 77 26 276 -5

359 357 77 14 277 -5

359 357 77 13 279 -6

359 358 77 11 278 -2

358 357 77 7 279 -4

359 358 76 14 276 -3

358 357 77 6 280 -6

1 357 77 z20 278 -7

19 276 -6

359 357 78 14 279 -6

0 358 77 17 280 -3

359 357 77 12 279 -4

359 357 77 11 278 -4

359 357 78 z359 357 77 11 279 -4

359 357 77 11 278 -5

z6 280 -2

359 357 77 13 277 -6

356 356 78 z-3 281 -10

1 278 -3

356 358 77 -3 279 -3

356 357 77 1 278 -6

356 357 77 -1 278 -4

357 357 78 z2 278 -4

6 277 -5

358 358 77 6 279 -2

358 357 77 7 278 -5

358 357 78 z7 278 -5

358 357 78 10 280 -7

0 357 78 17 280 -6

358 357 77 10 278 -5

358 357 77 10 278 -7

358 357 77 8 279 -5

359 357 77 11 280 -6

359 357z 77 14 280 -4