
303 502 501 439 890 088
303 502 501 438 890 088
303 502 502 437 890 088
303 502 502 438 890 088
303 502 501 439 890 088
303 503 502 438 890 088
303 502 502 438 890 088
303 502 502 438 890 088
303 502 502 440 890 088
303 502 502 438 890 087
303 502 501 439 890 088
303 502 501 438 890 088
303 502 502 439 890 087
303 502 501 438 890 087
303 502 501 438 890 088
303 502 502 438 890 088
303 502 501 438 890 087
303 502 502 438 890 087
303 502 501 438 890 087
303 502 502 438 890 088
303 502 502 438 890 088
303 502 502 437 890 088
303 502 501 439 890 088
303 502 502 438 890 088
303 502 501 439 890 088
303 502 501 438 890 088
303 502 501 438 890 088
303 502 501 438 890 088
303 502 501 438 890 088
303 503 501 439 890 088
303 502 502 438 890 088
303 502 502 439 890 088
303 503 502 439 890 088
303 502 501 438 890 088
303 502 501 437 890 088
303 495 496 446 010 188
303 502 503 439 890 089
303 485 496 459 040 202
303 447 508 480 168 906
303 501 501 438 000 009
303 510 580 435 887 812
303 497 526 433 008 514
303 515 486 439 870 316
303 501 500 438 000 022
303 485 470 448 030 729
303 498 500 438 000 139
303 575 539 435 798 461
303 495 504 442 010 071
303 500 503 437 000 075
303 512 521 445 878 676
303 477 472 440 040 679
303 503 502 438 890 082
303 499 501 438 000 083
303 468 502 448 070 086
303 453 509 459 118 904
303 448 503 469 140 010
303 457 505 453 100 012
303 485 499 441 030 111
303 499 501 439 000 005
303 513 500 439 870 088
303 535 502 449 820 084
303 545 501 457 790 080
303 534 499 448 820 078
303 507 504 438 880 079
303 506 502 437 880 083
303 501 503 439 000 086
303 502 503 438 890 086
303 502 502 438 890 086
303 502 503 439 890 086
303 502 502 438 890 086
303 502 503 438 890 086
303 502 502 438 890 086
303 502 503 438 890 086
303 502 502 438 890 086
303 502 502 438 890 086
303 502 502 438 890 086
303 502 502 439 890 086
303 502 502 438 890 086
303 502 502 439 890 086
303 502 502 438 890 086
303 502 503 438 890 086
303 502 502 438 890 086
303 502 503 439 890 086
303 502 502 439 890 086
303 502 503 438 890 086
303 502 502 438 890 086
303 502 502 439 890 086
303 502 502 439 890 086
303 501 502 438 890 086
303 502 502 438 890 086
303 501 502 438 890 086
303 503 502 438 890 086
303 502 502 439 890 086
303 502 502 438 890 086
303 502 502 438 890 086
303 502 502 438 890 086
303 502 502 438 890 086
303 503 502 438 890 086
303 502 502 438 890 086303 502 501 439 890 088
303 502 501 438 890 088
303 502 502 437 890 088
303 502 502 438 890 088
303 502 501 439 890 088
303 503 502 438 890 088
303 502 502 438 890 088
303 502 502 438 890 088
303 502 502 440 890 088
303 502 502 438 890 087
303 502 501 439 890 088
303 502 501 438 890 088
303 502 502 439 890 087
303 502 501 438 890 087
303 502 501 438 890 088
303 502 502 438 890 088
303 502 501 438 890 087
303 502 502 438 890 087
303 502 501 438 890 087
303 502 502 438 890 088
303 502 502 438 890 088
303 502 502 437 890 088
303 502 501 439 890 088
303 502 502 438 890 088
303 502 501 439 890 088
303 502 501 438 890 088
303 502 501 438 890 088
303 502 501 438 890 088
303 502 501 438 890 088
303 503 501 439 890 088
303 502 502 438 890 088
303 502 502 439 890 088
303 503 502 439 890 088
303 502 501 438 890 088
303 502 501 437 890 088
303 495 496 446 010 188
303 502 503 439 890 089
303 485 496 459 040 202
303 447 508 480 168 906
303 501 501 438 000 009
303 510 580 435 887 812
303 497 526 433 008 514
303 515 486 439 870 316
303 501 500 438 000 022
303 485 470 448 030 729
303 498 500 438 000 139
303 575 539 435 798 461
303 495 504 442 010 071
303 500 503 437 000 075
303 512 521 445 878 676
303 477 472 440 040 679
303 503 502 438 890 082
303 499 501 438 000 083
303 468 502 448 070 086
303 453 509 459 118 904
303 448 503 469 140 010
303 457 505 453 100 012
303 485 499 441 030 111
303 499 501 439 000 005
303 513 500 439 870 088
303 535 502 449 820 084
303 545 501 457 790 080
303 534 499 448 820 078
303 507 504 438 880 079
303 506 502 437 880 083
303 501 503 439 000 086
303 502 503 438 890 086
303 502 502 438 890 086
303 502 503 439 890 086
303 502 502 438 890 086
303 502 503 438 890 086
303 502 502 438 890 086
303 502 503 438 890 086
303 502 502 438 890 086
303 502 502 438 890 086
303 502 502 438 890 086
303 502 502 439 890 086
303 502 502 438 890 086
303 502 502 439 890 086
303 502 502 438 890 086
303 502 503 438 890 086
303 502 502 438 890 086
303 502 503 439 890 086
303 502 502 439 890 086
303 502 503 438 890 086
303 502 502 438 890 086
303 502 502 439 890 086
303 502 502 439 890 086
303 501 502 438 890 086
303 502 502 438 890 086
303 501 502 438 890 086
303 503 502 438 890 086
303 502 502 439 890 086
303 502 502 438 890 086
303 502 502 438 890 086
303 502 502 438 890 086
303 502 502 438 890 086
303 503 502 438 890 086
303 502 502 438 890 086303 502 501 439 890 088
303 502 501 438 890 088
303 502 502 437 890 088
303 502 502 438 890 088
303 502 501 439 890 088
303 503 502 438 890 088
303 502 502 438 890 088
303 502 502 438 890 088
303 502 502 440 890 088
303 502 502 438 890 087
303 502 501 439 890 088
303 502 501 438 890 088
303 502 502 439 890 087
303 502 501 438 890 087
303 502 501 438 890 088
303 502 502 438 890 088
303 502 501 438 890 087
303 502 502 438 890 087
303 502 501 438 890 087
303 502 502 438 890 088
303 502 502 438 890 088
303 502 502 437 890 088
303 502 501 439 890 088
303 502 502 438 890 088
303 502 501 439 890 088
303 502 501 438 890 088
303 502 501 438 890 088
303 502 501 438 890 088
303 502 501 438 890 088
303 503 501 439 890 088
303 502 502 438 890 088
303 502 502 439 890 088
303 503 502 439 890 088
303 502 501 438 890 088
303 502 501 437 890 088
303 495 496 446 010 188
303 502 503 439 890 089
303 485 496 459 040 202
303 447 508 480 168 906
303 501 501 438 000 009
303 510 580 435 887 812
303 497 526 433 008 514
303 515 486 439 870 316
303 501 500 438 000 022
303 485 470 448 030 729
303 498 500 438 000 139
303 575 539 435 798 461
303 495 504 442 010 071
303 500 503 437 000 075
303 512 521 445 878 676
303 477 472 440 040 679
303 503 502 438 890 082
303 499 501 438 000 083
303 468 502 448 070 086
303 453 509 459 118 904
303 448 503 469 140 010
303 457 505 453 100 012
303 485 499 441 030 111
303 499 501 439 000 005
303 513 500 439 870 088
303 535 502 449 820 084
303 545 501 457 790 080
303 534 499 448 820 078
303 507 504 438 880 079
303 506 502 437 880 083
303 501 503 439 000 086
303 502 503 438 890 086
303 502 502 438 890 086
303 502 503 439 890 086
303 502 502 438 890 086
303 502 503 438 890 086
303 502 502 438 890 086
303 502 503 438 890 086
303 502 502 438 890 086
303 502 502 438 890 086
303 502 502 438 890 086
303 502 502 439 890 086
303 502 502 438 890 086
303 502 502 439 890 086
303 502 502 438 890 086
303 502 503 438 890 086
303 502 502 438 890 086
303 502 503 439 890 086
303 502 502 439 890 086
303 502 503 438 890 086
303 502 502 438 890 086
303 502 502 439 890 086
303 502 502 439 890 086
303 501 502 438 890 086
303 502 502 438 890 086
303 501 502 438 890 086
303 503 502 438 890 086
303 502 502 439 890 086
303 502 502 438 890 086
303 502 502 438 890 086
303 502 502 438 890 086
303 502 502 438 890 086
303 503 502 438 890 086
303 502 502 438 890 086
303 502 502 438 890 086Masuk mode 0
