8 358 78 54 277 -4
8 357 78 54 276 -6
8 358 79 52 274 -3
8 358 79 54 274 -4
8 357 79 55 274 -6
8 358 78 54 276 -3
8 358 78 52 275 -3
8 359 78 53 276 0
8 358 78 54 274 -2
8 358 78 53 274 -3
8 359 78 55 274 1
8 357 79 52 275 -5
7 358 78 49 277 -3
7 358 78 51 276 -2
7 357 79 51 275 -8
8 358 78 52 276 -4
8 358 79 53 274 -4
6 356 79 45 276 -10
7 357 78 50 273 -6
8 359 77 54 273 1
6 357 77 46 280 -7
359 356 75 11 270 -10
10 358 73 63 277 -2
8 359 70 52 256 4
6 359 69 45 277 2
359 358 66 14 282 0
1 356 65 20 282 -10
4 356 64 37 273 -12
0 358 59 18 278 -2
2 357 57 26 276 -7
359 358 54 13 275 -1
0 356 52 15 278 -10
0 358 48 19 284 0
3 358 47 31 282 -4
1 359 42 22 293 2
1 357 41 20 268 -6
2 357 39 26 283 -7
0 355 35 19 282 -15
1 359 30 21 283 3
1 356 30 22 280 -9
3 359 27 32 276 2
0 0 22 17 279 8
1 356 22 20 280 -10
5 357 20 39 273 -6
3 359 16 29 279 4
1 357 12 20 279 -4
2 0 11 27 281 6
6 358 12 42 271 -2
6 359 11 43 280 4
10 0 12 61 276 4
4 359 8 35 278 4
4 358 8 35 277 0
5 358 9 38 277 0
6 358 10 44 274 -2
4 358 9 36 276 0
2 0 9 28 281 5
5 359 12 39 276 2
5 357 14 37 269 -4
6 358 17 47 284 -1
6 358 20 47 280 -4
4 356 21 34 285 -10
2 0 20 26 274 7
2 358 23 28 299 -4
4 358 27 38 282 0
4 359 28 38 282 4
5 356 32 41 276 -11
4 358 33 35 282 -1
5 355 38 40 279 -14
4 359 37 35 278 3
5 358 41 40 277 -4
6 358 43 48 285 -3
1 356 43 23 277 -8
5 359 45 41 287 0
1 358 46 21 279 0
3 355 51 32 267 -14
2 357 52 28 290 -8
1 359 54 21 267 2
3 357 58 30 265 -4
4 357 61 37 295 -5
6 0 63 44 277 6
3 356 66 30 273 -8
2 45 100 34 267 245
0 358 69 19 280 0
2 358 73 27 269 -2
4 357 76 39 295 -7
5 44 105 52 282 255
6 356 81 44 289 -12
4 0 82 34 280 7
5 313 110 47 276 -254
6 358 88 46 276 -3
7 357 92 49 271 -5
12 356 94 74 278 -12
13 358 96 80 280 -4
5 313 119 45 273 -251
11 355 103 64 267 -15
13 355 105 77 279 -16
11 358 108 67 274 -4
4 358 111 37 276 -2
8 357 113 54 271 -6
9 358 115 57 277 -2
15 0 117 87 274 7
8 0 122 53 274 5
7 313 142 61 268 -254
10 359 128 62 272 1
10 359 129 61 274 2
6 358 134 46 279 -2
10 359 137 61 276 0
13 1 138 77 270 8
9 357 145 58 278 -7
15 0 144 80 254 6
13 1 148 75 273 11
10 359 152 64 274 1
7 359 154 50 276 2
9 357 155 56 275 -5
6 359 158 43 276 1
7 358 156 51 275 -3
8 359 154 54 273 2
6 357 156 46 275 -5
10 359 151 63 273 0
5 359 153 40 282 1
2 358 154 27 279 -1
1 359 151 24 277 3
5 359 144 39 278 3
359 356 145 11 281 -9
5 356 139 39 278 -12
3 1 134 29 275 11
355 0 128 -7 290 6
359 356 127 12 266 -11
359 359 119 12 272 4
1 357 115 21 288 -6
352 0 107 -21 280 9
355 357 107 -6 271 -5
355 0 99 -3 272 6
354 356 98 -13 287 -10
40 357 93 247 281 -16
354 358 90 -10 278 1
358 355 90 8 283 -15
357 313 119 -4 274 -254
353 355 85 -14 276 -13
353 356 82 -13 275 -9
349 357 79 -34 275 -3
350 357 78 -29 273 -5
355 2 76 -7 289 15
348 357 78 -38 270 -4
352 355 79 -18 278 -12
356 357 77 1 276 -4
357 358 77 4 280 -2
356 357 77 -2 280 -4
354 357 77 -10 281 -6
357 357 76 3 277 -6
356 357 76 -2 280 -6
357 354 78 2 282 -17
359 358 75 14 282 -1
312 358 78 -256 274 5
358 357 76 6 274 -5
358 353 78 6 283 -24
359 351 77 14 288 -35
357 346 80 3 274 -52
355 343 81 -4 264 -62
357 341 81 2 255 -70
359 339 81 13 255 -80
355 335 82 -5 241 -93
359 333 82 13 240 -102
0 329 83 16 248 -121
357 327 84 3 247 -133
2 325 84 24 233 -133
4 325 83 33 233 -138
2 322 84 25 238 -157
0 318 85 13 218 -162
2 317 84 23 204 -154
0 315 85 12 195 -159
2 315 85 21 206 -168
4 313 85 30 194 -169
3 311 87 26 204 -192
1 313 85 20 193 -169
2 314 84 25 202 -172
1 312 86 17 195 -177
2 313 85 24 198 -175
2 314 85 24 201 -169
3 315 85 30 208 -171
3 316 86 28 207 -167
3 317 86 30 212 -162
3 318 85 27 209 -156
2 319 86 25 213 -154
1 319 86 19 216 -154
1 321 85 19 229 -154
2 322 86 22 224 -146
2 326 83 26 234 -132
0 326 85 15 237 -133
359 329 83 12 242 -121
1 330 84 19 249 -120
0 331 82 15 251 -115
358 336 79 9 341 -126
0 336 81 14 256 -92
359 338 80 13 258 -85
1 340 79 21 262 -78
1 343 79 21 274 -69
1 344 79 21 283 -63
359 349 77 10 266 -40
358 352 77 7 265 -26
359 354 75 13 273 -19
359 354 77 13 271 -19
359 355 76 14 275 -13
358 356 76 10 282 -8
358 357 75 9 288 -4
358 358 75 10 290 -3
359 359 75 11 289 1
359 358 75 15 289 -1
359 359 75 12 284 3
359 359 74 13 297 5
358 1 76 8 267 11
359 3 79 14 285 21
357 6 82 6 282 35
355 10 87 -7 268 51
355 13 91 -3 262 61
356 13 93 1 286 69
355 18 99 -5 259 84
354 20 102 -11 267 97
352 25 106 -19 244 111
353 26 107 -14 256 120
350 30 110 -27 236 132
351 35 113 -25 226 150
353 36 114 -16 224 153
354 39 115 -11 216 164
354 42 117 -10 208 177
352 47 119 -21 186 189
353 46 119 -14 201 191
351 50 120 -23 178 199
352 52 121 -21 174 204
353 53 121 -16 164 202
355 55 121 -5 162 207
353 58 121 -17 150 220
354 58 121 -12 152 218
354 57 122 -11 153 214
354 56 121 -10 157 215
352 55 121 -21 161 213
353 53 122 -15 166 203
353 47 120 -13 191 191
355 43 118 -5 204 177
352 40 115 -21 213 169
353 32 111 -14 248 150
355 34 111 -6 229 143
357 29 108 4 243 128
358 28 106 7 237 120
354 20 98 -9 278 97
357 16 94 3 265 76
359 14 91 13 264 64
2 12 89 26 254 55
357 7 84 4 280 39
2 0 78 29 314 6
0 2 78 18 308 15
1 4 80 24 289 25
1 5 80 25 298 31
4 2 79 37 299 15
0 4 80 17 279 25
0 4 80 17 265 23
3 6 82 31 278 32
358 2 79 7 289 16
0 1 78 16 274 12
358 0 77 8 287 9
354 2 78 -8 282 15
350 2 79 -27 280 16
345 2 82 -48 259 18
342 2 82 -62 264 19
340 1 82 -68 258 15
336 0 82 -87 251 12
331 0 82 -113 258 13
329 1 82 -125 253 14
326 359 81 -129 237 9
322 359 82 -145 230 8
318 359 82 -167 227 7
314 358 83 -185 216 6
309 0 82 -191 190 13
309 359 82 -198 195 9
303 358 83 -206 167 6
302 358 83 -206 162 6
298 358 84 -229 151 4
294 359 83 -225 132 10
292 359 83 -238 126 10
286 359 83 -269 103 9
281 358 83 -254 75 5
274 357 85 -256 40 3
267 182 85 -256 22 2
259 176 85 -268 -24 32
263 181 83 -232 -6 6
252 177 82 -249 -59 25
248 178 80 -240 -75 22
239 179 75 -215 -109 17
240 175 80 -214 -104 32
233 178 68 -221 -143 22
233 174 79 -211 -139 38
233 174 77 -212 -135 38
236 178 71 -219 -129 22
236 175 77 -215 -123 32
243 181 77 -228 -94 6
242 178 77 -240 -107 22
252 182 80 -252 -60 4
257 182 82 -240 -31 4
259 180 82 -258 -26 11
268 180 83 -259 17 10
274 0 82 -242 41 16
275 359 82 -264 50 11
283 357 83 -250 84 4
289 358 83 -246 111 7
295 358 83 -220 130 7
298 2 84 -220 145 23
307 3 85 -196 178 26
310 3 85 -195 200 26
313 3 85 -175 202 24
319 2 84 -149 208 19
326 4 86 -124 224 27
328 4 85 -124 243 28
337 4 83 -83 256 29
339 3 81 -77 265 21
344 1 80 -52 251 14
347 5 83 -44 281 30
348 359 79 -42 303 5
349 2 81 -35 297 20
350 5 84 -31 288 30
356 6 85 -1 275 35
359 7 85 15 282 39
8 9 86 55 275 48
10 7 85 61 273 37
11 11 85 65 256 51
24 12 84 119 240 55
29 14 82 139 228 62
32 12 80 151 219 55
37 15 78 181 216 71
36 12 75 178 223 59
53 3 67 265 200 16
49 7 67 228 194 34
53 9 60 243 174 42
58 13 49 223 131 54
60 11 30 254 136 51
66 9 -1 259 108 41
72 11 -22 246 70 47
75 7 -44 258 66 30
81 6 -52 264 37 26
81 6 -51 283 42 27
84 5 -57 278 23 24
83 6 -60 266 16 27
83 6 -60 266 16 27
83 6 -60 266 16 27
83 6 -60 266 16 27
83 6 -60 266 16 27
83 6 -60 266 16 27
83 6 -60 266 16 27
83 6 -60 266 16 27
83 6 -60 266 16 27
83 6 -60 266 16 27
80 4 -56 265 50 20
77 3 -52 262 64 16
78 2 -52 255 60 12
75 1 -38 249 74 7
65 3 13 250 118 14
58 3 47 249 156 17
54 1 60 230 170 8
46 3 69 208 196 16
42 5 73 193 205 23
36 3 76 171 223 18
34 1 77 145 204 8
33 358 78 139 208 -4
19 0 78 109 277 7
17 0 78 93 260 4
12 357 78 71 263 -7
8 0 77 63 326 4
7 359 78 56 305 1
3 357 80 31 267 -5
11 0 79 64 256 6
6 0 78 50 310 7
6 359 78 45 291 3
7 357 79 47 263 -7
9 357 78 59 279 -7
10 356 79 66 281 -10
8 359 78 52 278 0
18 351 83 83 217 -26
33 354 81 155 227 -20
11 355 80 65 264 -13
7 358 79 50 276 -2
8 358 78 54 275 -2
7 357 80 47 276 -7
9 357 79 57 274 -5
11 358 80 66 271 -3
10 357 79 61 274 -7
12 358 79 73 269 -3
9 357 79 58 277 -8
10 359 79 63 270 0
11 357 80 66 272 -5
12 358 79 70 271 -3
12 357 80 71 270 -7
11 358 79 68 271 -2
11 357 79 67 270 -6
11 358 79 67 271 -4
12 357 80 70 270 -7
11 358 79 68 271 -1
12 358 79 69 271 -4
12 358 80 73 271 -5
12 357 80 69 270 -5
12 358 79 72 270 -4
11 357 80 67 271 -5
12 358 80 69 270 -4
12 358 80 72 271 -4
12 358 79 72 270 -3
12 357 80 70 272 -6
12 358 79 72 271 -3
12 357 79 71 271 -7
12 358 80 73 271 -3
13 357 80 74 270 -6
12 357 79 72 271 -6
13 358 80 74 270 -4
13 358 79 75 270 -5
12 358 80 73 271 -3
13 358 79 74 271 -3
13 357 80 76 269 -7
14 358 79 79 269 -5
13 358 79 77 269 -4
13 358 80 78 270 -4
13 358 80 77 268 -4
14 357 80 78 268 -6
14 358 79 80 269 -4
14 358 79 79 269 -3
14 358 79 80 268 -3
14 358 80 80 268 -3
14 358 79 81 268 -2
15 358 80 82 267 -4
14 358 80 80 268 -4
14 357 80 82 271 -7
14 358 79 80 267 -3
14 358 79 80 270 -3
