0 357 79 19 278 -5
1 357 79 20 278 -4
0 357 80 17 280 -6
0 356 80 15 278 -8
0 357 79 16 279 -4
1 357 79 20 280 -4
0 357 79 15 279 -4
359 358 78 13 276 -2
0 358 79 15 279 -3
0 357 79 15 279 -5
359 358 78 13 280 -2
359 357 79 14 280 -7
359 357 79 12 280 -4
0 357 78 15 280 -4
359 357 79 13 279 -6
0 358 78 16 278 -1
359 357 79 12 279 -5
2 356 79 26 274 -12
1 356 78 22 275 -10
1 356 77 22 278 -10
2 356 75 26 263 -8
0 356 75 18 276 -12
4 359 71 37 277 4
3 356 72 29 256 -10
358 359 69 7 278 2
1 356 69 23 273 -8
2 358 67 26 284 -2
1 356 67 21 285 -11
2 357 64 25 283 -4
2 356 64 25 284 -10
0 358 61 19 276 -3
5 359 59 39 273 4
2 359 58 26 285 1
1 357 56 21 286 -8
1 357 54 22 275 -7
1 357 51 22 276 -6
4 357 49 35 275 -5
4 357 47 37 279 -8
5 355 45 37 265 -12
4 358 41 33 274 -3
6 358 41 43 278 -4
5 357 38 40 275 -6
5 357 36 41 276 -6
6 358 34 42 272 0
4 357 31 34 282 -6
3 356 29 30 273 -9
4 356 28 38 284 -10
3 357 25 32 279 -6
3 358 22 32 272 0
7 356 22 47 274 -10
5 357 19 40 272 -6
5 358 17 38 274 -1
0 358 12 19 284 -1
1 356 12 23 265 -9
6 357 13 46 285 -9
2 358 9 26 274 -3
1 0 7 22 282 5
2 359 7 28 289 3
1 357 6 23 272 -4
2 359 7 27 289 2
3 358 8 29 278 0
3 358 8 30 290 -2
2 357 9 28 274 -7
2 357 9 25 279 -5
2 358 10 28 286 -3
1 43 39 26 293 252
4 357 14 35 261 -5
6 357 15 45 283 -5
3 357 15 32 273 -7
1 356 16 22 287 -11
1 354 19 22 259 -16
3 355 21 29 274 -16
4 355 24 34 278 -15
3 356 26 31 279 -11
2 356 26 26 275 -8
2 357 29 28 274 -5
4 356 32 35 279 -11
2 355 34 28 277 -16
2 356 36 27 280 -11
2 355 38 26 279 -13
2 353 41 26 273 -22
1 355 42 23 283 -16
3 356 45 32 278 -9
3 355 48 32 278 -16
2 355 50 27 281 -14
1 356 52 23 285 -11
0 355 55 16 283 -14
2 358 57 27 277 0
2 356 62 26 271 -9
0 356 65 19 285 -11
359 355 69 12 286 -13
0 313 106 18 281 -255
0 358 73 15 271 -2
358 359 74 9 295 2
0 357 78 19 279 -6
358 358 79 7 271 1
359 358 81 15 285 -3
1 356 86 20 287 -12
0 354 90 19 286 -19
359 358 90 14 275 -3
0 1 94 15 271 10
4 359 97 37 279 4
3 359 101 34 295 0
2 359 105 25 283 2
1 0 108 23 268 7
2 3 113 27 273 21
3 0 112 30 269 7
3 358 114 33 279 -1
4 2 115 35 282 14
2 359 116 28 277 4
3 358 121 29 276 -3
2 357 124 25 273 -5
2 358 127 28 281 -3
1 359 129 22 269 1
2 356 133 25 273 -11
4 359 132 35 277 2
1 314 150 25 282 -254
3 359 136 30 275 4
0 357 143 17 279 -7
1 358 142 24 277 -2
1 356 145 23 271 -10
1 354 148 22 289 -18
1 356 149 21 277 -11
1 357 150 24 278 -6
359 358 152 15 282 -1
359 357 154 15 284 -5
1 358 153 22 280 -3
0 358 154 19 290 -2
359 359 153 15 283 2
359 358 152 14 289 -3
356 358 146 1 271 1
356 357 143 1 279 -5
359 358 139 14 266 1
5 356 133 42 282 -13
1 354 132 21 276 -18
0 358 127 16 281 0
359 358 121 12 280 -2
1 356 117 22 283 -10
1 358 112 21 275 -2
0 357 107 16 295 -6
0 357 104 17 264 -4
358 357 100 10 260 -3
1 359 95 24 278 1
359 356 95 13 280 -12
1 357 91 21 265 -7
3 358 87 33 280 -1
2 358 84 24 268 -2
0 356 84 18 298 -11
2 358 78 28 289 -2
2 356 77 26 281 -9
357 355 76 5 259 -12
359 356 75 11 281 -12
1 355 75 20 284 -15
0 355 77 18 283 -17
0 356 75 17 279 -11
1 357 75 20 279 -8
1 357 76 21 280 -8
1 357 75 20 282 -4
0 357 75 19 289 -5
359 356 76 15 285 -11
0 356 75 17 286 -11
0 355 75 18 276 -14
359 351 77 13 271 -32
1 348 78 21 275 -46
1 344 79 20 266 -59
1 343 79 19 262 -64
1 339 81 22 268 -86
3 338 80 29 249 -80
3 334 82 28 245 -97
1 327 84 21 244 -130
4 323 86 31 221 -136
4 323 84 31 230 -143
3 321 83 29 219 -148
6 318 84 42 212 -159
0 315 84 16 207 -171
5 315 84 36 206 -171
4 312 86 31 196 -181
2 311 85 22 194 -183
5 312 85 35 198 -182
5 313 85 35 193 -173
5 314 85 38 197 -169
5 316 84 38 205 -165
5 317 85 37 214 -170
6 319 84 39 213 -153
6 322 84 41 222 -148
5 325 82 40 233 -137
4 326 82 35 240 -134
5 328 82 36 236 -121
6 331 80 39 235 -107
5 334 80 40 249 -103
5 335 79 40 254 -98
5 337 79 38 265 -94
5 339 79 39 258 -81
6 341 78 41 257 -72
5 343 77 41 268 -66
6 345 77 44 270 -57
4 347 76 37 272 -50
5 349 76 38 271 -40
4 351 75 35 277 -34
4 353 74 37 277 -24
5 355 74 42 279 -15
5 356 73 40 262 -8
4 358 73 36 276 -3
4 357 73 38 295 -5
5 358 73 40 280 0
5 358 73 41 280 -1
5 358 73 39 284 -1
4 359 73 36 277 1
4 358 73 35 277 0
3 358 73 32 285 -2
3 359 73 32 281 1
3 359 72 32 286 4
3 1 74 34 308 13
2 4 77 29 288 25
3 7 81 30 278 38
3 10 84 33 282 50
2 12 87 29 279 60
1 13 89 23 285 68
359 17 92 14 262 80
0 21 97 17 255 93
1 24 99 23 255 107
358 27 103 8 247 120
357 29 106 5 239 126
357 32 108 6 236 141
356 37 112 -1 225 161
356 37 113 0 225 161
356 40 114 0 220 170
355 44 117 -4 200 177
355 46 118 -6 192 184
355 49 118 -4 183 194
355 51 119 -6 175 196
355 49 119 -8 186 199
354 49 118 -8 183 193
355 47 118 -6 195 195
355 46 118 -5 200 190
354 45 118 -10 206 189
354 46 118 -9 197 186
355 45 117 -6 203 185
355 44 117 -4 205 182
354 45 117 -9 199 182
355 43 117 -5 204 177
354 41 115 -9 214 175
355 38 114 -6 219 162
354 37 113 -10 225 158
354 32 109 -10 240 141
355 34 111 -3 213 136
354 28 106 -12 250 129
358 25 103 10 253 113
355 22 100 -4 257 100
359 19 96 12 257 86
357 15 92 6 281 77
358 13 90 9 272 64
0 12 87 16 257 54
0 9 84 20 281 48
2 7 82 25 277 38
4 2 78 34 280 14
5 2 77 41 284 15
1 359 76 21 303 2
4 1 77 37 304 10
4 3 78 36 279 19
6 2 78 41 264 14
5 1 78 41 278 12
6 2 79 45 284 15
4 1 79 36 279 13
4 2 79 35 271 17
4 2 79 38 279 14
4 2 80 34 280 17
1 1 79 22 280 13
357 1 79 4 282 12
357 1 79 5 278 12
354 1 80 -11 270 14
349 0 79 -33 280 10
344 359 79 -51 263 6
342 359 79 -63 271 5
334 358 81 -99 253 2
332 358 80 -108 251 3
326 358 82 -130 237 2
323 358 83 -149 241 1
317 357 83 -173 227 1
312 357 85 -173 191 -1
309 357 85 -192 189 0
309 357 84 -190 191 2
302 357 84 -212 162 1
296 356 85 -222 135 -2
292 357 84 -241 125 3
289 358 84 -249 113 6
283 357 84 -244 82 4
282 355 87 -246 76 -8
277 357 85 -259 53 1
272 358 83 -259 29 5
262 183 84 -262 -10 -2
261 183 84 -257 -16 -1
255 185 86 -247 -40 -10
252 184 84 -257 -59 -6
245 185 86 -264 -97 -15
244 186 86 -246 -92 -16
242 182 76 -214 -94 4
234 183 68 -210 -131 -1
230 182 53 -207 -150 1
230 181 40 -201 -151 7
230 181 40 -216 -160 8
230 183 55 -202 -147 -1
237 182 69 -214 -119 3
238 180 72 -210 -112 9
241 183 81 -224 -105 0
247 182 84 -245 -82 1
249 182 84 -249 -72 2
253 183 86 -247 -50 -1
256 182 85 -254 -38 1
264 181 85 -251 0 5
267 181 85 -237 19 5
279 357 85 -242 64 2
282 357 86 -254 78 1
287 357 85 -249 104 3
290 358 84 -233 113 8
295 357 85 -228 137 1
303 357 84 -217 175 2
306 0 82 -197 179 12
311 0 82 -186 195 13
317 2 84 -163 216 19
324 3 86 -140 238 27
328 1 83 -128 251 15
334 4 86 -99 254 29
337 2 84 -84 255 18
341 2 83 -69 265 20
343 1 83 -62 276 15
348 2 82 -38 278 17
354 2 82 -9 283 16
359 4 82 14 287 24
4 4 83 34 271 23
15 6 86 82 262 33
13 8 85 84 293 43
21 8 84 111 252 38
27 10 84 136 242 46
30 8 83 153 243 39
36 9 82 169 221 44
38 10 80 174 207 47
43 8 77 192 195 39
45 11 73 200 188 48
52 11 65 226 167 50
59 9 53 242 142 41
62 10 35 249 129 45
65 9 8 255 114 41
69 9 -16 264 94 43
71 12 -30 251 70 50
76 10 -46 264 52 44
77 11 -49 267 22 51
76 12 -50 269 30 54
101 169 -56 271 1 48
100 170 -60 272 -6 42
101 170 -61 262 -14 40
105 170 -60 262 -45 40
105 169 -61 261 -42 45
110 168 -59 260 -64 51
109 169 -63 269 -65 47
110 169 -63 255 -65 45
114 170 -62 254 -89 45
115 169 -62 252 -90 49
117 170 -63 228 -95 42
113 170 -64 245 -82 41
113 170 -64 264 -93 43
114 170 -62 258 -91 45
113 170 -62 250 -83 42
113 171 -65 252 -84 38
113 171 -63 253 -86 38
113 171 -63 253 -85 39
110 171 -64 257 -70 40
108 170 -64 258 -63 40
107 170 -65 256 -52 39
106 171 -64 257 -53 36
103 171 -62 265 -37 39
102 171 -64 256 -31 35
99 171 -65 271 -2 37
100 169 -62 280 2 45
81 8 -62 274 12 39
80 9 -60 265 19 40
78 9 -57 273 45 42
75 8 -52 264 66 35
75 6 -50 263 71 27
68 8 -22 258 104 35
68 7 -8 254 103 32
60 6 36 252 145 30
58 8 48 249 149 38
59 7 57 240 145 32
51 7 69 217 173 32
45 4 72 206 200 21
42 3 74 184 199 16
39 3 76 184 219 17
35 2 77 161 217 14
32 1 78 144 219 9
23 0 77 119 257 5
20 359 78 106 256 0
18 0 78 105 278 3
13 358 79 76 265 -3
13 0 77 73 267 5
10 0 78 63 270 7
3 0 77 34 291 6
4 1 78 36 301 12
4 0 78 35 281 6
4 359 78 37 295 4
4 0 77 35 286 6
4 359 78 36 283 2
4 0 77 37 277 5
4 358 78 35 277 -1
4 358 78 33 271 -2
5 358 77 38 270 -1
5 1 77 39 270 9
2 358 77 28 275 -1
3 0 76 33 284 5
4 359 77 35 282 1
4 358 78 37 271 -3
5 358 78 40 280 -2
4 358 78 37 279 0
11 1 78 70 284 9
7 355 80 49 274 -16
5 356 79 40 275 -9
4 358 78 37 276 0
4 357 79 34 279 -6
3 357 78 30 279 -4
5 357 79 40 281 -7
7 357 79 48 275 -7
6 358 79 45 275 -3
8 358 78 53 276 -3
9 358 79 56 275 -3
8 358 78 54 275 -4
9 357 79 60 274 -5
10 357 79 62 273 -5
9 358 79 57 274 -2
7 358 79 51 276 -3
9 358 79 56 275 -3
7 358 79 50 276 -2
8 358 79 53 274 -3
7 358 78 48 275 -3
8 357 79 54 275 -5
7 358 78 50 275 -2
9 357 79 60 275 -6
7 358 79 49 276 -3
8 358 79 55 276 -4
8 357 79 53 274 -6
9 358 79 56 273 -2
9 357 79 58 273 -6
7 358 78 51 275 -3
7 357 79 49 275 -5
7 357 79 49 277 -6
7 0 78 51 275 5
6 357 79 46 277 -5
5 357 79 41 276 -6
5 358 78 40 277 -2
6 358 78 45 276 -4
6 357 79 42 274 -8
7 357 79 48 276 -6
6 358 79 46 283 -3
7 358 78 48 275 -3
7 358 79 47 274 -3
7 357 79 48 277 -5
8 358 79 53 274 -3
8 357 79 55 274 -7
8 358 79 52 278 -3
8 357 79 54 274 -5
8 358 79 53 275 -3
8 357 79 55 277 -5
8 357 79 53 274 -8
8 358 79 52 274 -4
8 358 79 53 276 -3
7 358 79 50 276 -4
8 358 79 53 277 -4
7 358 79 50 276 -4
7 358 79 50 275 -3
8 358 79 53 275 -3
7 357 79 51 274 -5
6 358 78 44 277 -2
6 357 79 44 278 -5
6 357 79 43 277 -6
4 358 79 36 279 -3
6 358 79 44 276 -3
5 357 79 39 278 -5
6 358 78 43 277 -4
6 358 79 46 274 -2
5 357 79 42 277 -7
5 358 78 39 276 -4
4 358 79 36 277 -4
4 358 78 35 279 -3
4 358 78 36 278 -3
5 357 79 38 279 -7
6 358 79 45 276 -3
5 358 78 42 276 -3
4 358 78 36 278 -2
4 358 79 36 279 -4
4 358 78 34 278 -4
5 357 79 42 276 -5
5 357 79 40 276 -8
4 358 78 36 277 -1
3 357 78 29 279 -5
0 355 80 16 279 -13
3 356 79 29 278 -10
4 358 79 36 278 -4
3 357 79 30 277 -6
3 357 79 33 279 -6
2 357 79 28 277 -5
2 356 79 28 278 -9
0 358 78 18 280 -3
3 357 79 29 279 -7
2 358 78 25 276 -3
3 358 78 32 276 -1
0 358 78 20 306 -2
358 357 78 9 325 -6
10 354 82 54 237 -18
3 356 79 32 279 -9
4 357 79 36 272 -5
6 359 78 43 279 1
359 357 78 14 270 -6
3 356 78 32 288 -10
3 356 79 29 276 -9
1 356 78 21 278 -8
2 359 77 28 276 4
2 357 78 27 277 -4
359 357 78 15 290 -5
1 357 78 21 274 -5
2 357 78 27 284 -6
2 357 79 26 277 -7
2 357 78 28 279 -7
7 357 79 49 275 -7
3 358 78 32 279 -3
5 357 79 38 278 -5
3 44 105 42 276 251
7 358 79 47 277 -4
9 357 78 57 274 -6
8 357 79 53 277 -7
8 358 79 56 277 -3
7 358 78 48 275 -4
8 358 78 53 275 -2
6 357 78 44 278 -5
6 356 80 46 275 -11
8 357 79 52 276 -5
3 357 78 31 277 -7
3 357 79 31 279 -8
4 357 78 37 275 -5
3 358 78 33 278 -3
1 358 78 20 279 -3
0 358 77 18 278 -3
1 358 77 23 278 -2
3 357 79 30 277 -6
3 357 78 33 276 -5
0 357 78 19 277 -7
358 357 78 8 278 -5
357 358 78 5 279 -2
313 356 81 -254 279 -9
356 357 78 -2 278 -4
355 44 112 -14 277 250
